區間: 長 [8, 17], 寬 [8, 17]
  (8.0, 8.0, 816)
  (8.0, 8.0, 816)
  (8.0, 8.0, 816)
  (8.0, 8.0, 816)
  (8.0, 8.0, 1014)
  (8.0, 8.0, 1014)
  (8.0, 8.0, 1219)
  (8.0, 8.0, 1219)
  (8.0, 8.0, 1219)
  (8.0, 8.0, 1219)
  (8.0, 8.0, 3015)
  (8.0, 8.0, 3015)
  (8.0, 8.0, 3015)
  (8.0, 8.0, 3015)
  (8.0, 8.0, 4507)
  (8.0, 8.0, 4507)
  (8.0, 8.0, 4507)
  (8.0, 8.0, 4507)
  (8.0, 8.0, 4507)
  (8.0, 8.0, 4984)
  (8.0, 8.0, 4984)
  (8.0, 8.0, 4984)
  (8.0, 8.0, 5667)
  (8.0, 8.0, 5667)
  (8.0, 8.0, 5667)
  (8.0, 8.0, 5667)
  (8.0, 8.0, 6602)
  (8.0, 8.0, 7118)
  (8.0, 8.0, 7118)
  (8.0, 8.0, 7118)
  (8.0, 9.0, 716)
  (8.0, 9.0, 716)
  (8.0, 9.0, 716)
  (8.0, 9.0, 716)
  (8.0, 9.0, 716)
  (8.0, 9.0, 856)
  (8.0, 9.0, 856)
  (8.0, 9.0, 1372)
  (8.0, 9.0, 1372)
  (8.0, 9.0, 1372)
  (8.0, 9.0, 1372)
  (8.0, 9.0, 1587)
  (8.0, 9.0, 1587)
  (8.0, 9.0, 1626)
  (8.0, 9.0, 1626)
  (8.0, 9.0, 1626)
  (8.0, 9.0, 4098)
  (8.0, 9.0, 4098)
  (8.0, 9.0, 4656)
  (8.0, 9.0, 4656)
  (8.0, 9.0, 4656)
  (8.0, 9.0, 4656)
  (8.0, 9.0, 5562)
  (8.0, 9.0, 5562)
  (8.0, 9.0, 5562)
  (8.0, 9.0, 5562)
  (8.0, 9.0, 5562)
  (8.0, 9.0, 5562)
  (8.0, 9.0, 5562)
  (8.0, 9.0, 5562)
  (8.0, 9.0, 5562)
  (8.0, 9.0, 5990)
  (8.0, 9.0, 7177)
  (8.0, 9.0, 7177)
  (8.0, 9.0, 7177)
  (8.0, 9.0, 7335)
  (8.0, 9.0, 7335)
  (8.0, 9.0, 7335)
  (8.0, 9.0, 7335)
  (8.0, 9.0, 7335)
  (8.0, 9.0, 7335)
  (8.0, 9.0, 7335)
  (8.0, 9.0, 7862)
  (8.0, 9.0, 7862)
  (8.0, 9.0, 7862)
  (8.0, 9.0, 7862)
  (8.0, 9.0, 7862)
  (8.0, 9.0, 7862)
  (8.0, 9.0, 8100)
  (8.0, 9.0, 8100)
  (8.0, 9.0, 8100)
  (8.0, 9.0, 8190)
  (8.0, 9.0, 9349)
  (8.0, 9.0, 9349)
  (8.0, 9.0, 9491)
  (8.0, 9.0, 9537)
  (8.0, 9.0, 9537)
  (8.0, 9.0, 9537)
  (8.0, 11.0, 4503)
  (8.0, 11.0, 4503)
  (8.0, 11.0, 4503)
  (9.0, 8.0, 675)
  (9.0, 8.0, 675)
  (9.0, 8.0, 675)
  (9.0, 8.0, 675)
  (9.0, 8.0, 675)
  (9.0, 8.0, 675)
  (9.0, 8.0, 675)
  (9.0, 8.0, 675)
  (9.0, 8.0, 675)
  (9.0, 8.0, 675)
  (9.0, 8.0, 675)
  (9.0, 8.0, 675)
  (9.0, 8.0, 675)
  (9.0, 8.0, 675)
  (9.0, 8.0, 675)
  (9.0, 8.0, 675)
  (9.0, 8.0, 675)
  (9.0, 8.0, 675)
  (9.0, 8.0, 675)
  (9.0, 8.0, 675)
  (9.0, 8.0, 675)
  (9.0, 8.0, 675)
  (9.0, 8.0, 675)
  (9.0, 8.0, 675)
  (9.0, 8.0, 675)
  (9.0, 8.0, 675)
  (9.0, 8.0, 675)
  (9.0, 8.0, 675)
  (9.0, 8.0, 675)
  (9.0, 8.0, 675)
  (9.0, 8.0, 675)
  (9.0, 8.0, 675)
  (9.0, 8.0, 675)
  (9.0, 8.0, 675)
  (9.0, 8.0, 675)
  (9.0, 8.0, 675)
  (9.0, 8.0, 675)
  (9.0, 8.0, 675)
  (9.0, 8.0, 675)
  (9.0, 8.0, 675)
  (9.0, 8.0, 675)
  (9.0, 8.0, 675)
  (9.0, 8.0, 675)
  (9.0, 8.0, 675)
  (9.0, 8.0, 675)
  (9.0, 8.0, 675)
  (9.0, 8.0, 675)
  (9.0, 8.0, 675)
  (9.0, 8.0, 675)
  (9.0, 8.0, 675)
  (9.0, 8.0, 675)
  (9.0, 8.0, 675)
  (9.0, 8.0, 675)
  (9.0, 8.0, 675)
  (9.0, 8.0, 675)
  (9.0, 8.0, 675)
  (9.0, 8.0, 675)
  (9.0, 8.0, 675)
  (9.0, 8.0, 675)
  (9.0, 8.0, 675)
  (9.0, 8.0, 675)
  (9.0, 8.0, 675)
  (9.0, 8.0, 675)
  (9.0, 8.0, 675)
  (9.0, 8.0, 675)
  (9.0, 8.0, 675)
  (9.0, 8.0, 675)
  (9.0, 8.0, 675)
  (9.0, 8.0, 675)
  (9.0, 8.0, 675)
  (9.0, 8.0, 675)
  (9.0, 8.0, 675)
  (9.0, 8.0, 675)
  (9.0, 8.0, 675)
  (9.0, 8.0, 675)
  (9.0, 8.0, 675)
  (9.0, 8.0, 675)
  (9.0, 8.0, 675)
  (9.0, 8.0, 675)
  (9.0, 8.0, 1602)
  (9.0, 8.0, 1602)
  (9.0, 8.0, 1602)
  (9.0, 8.0, 1602)
  (9.0, 8.0, 1602)
  (9.0, 8.0, 1602)
  (9.0, 8.0, 1602)
  (9.0, 8.0, 1602)
  (9.0, 8.0, 1602)
  (9.0, 8.0, 1602)
  (9.0, 8.0, 1602)
  (9.0, 8.0, 1602)
  (9.0, 8.0, 1602)
  (9.0, 8.0, 1602)
  (9.0, 8.0, 1602)
  (9.0, 8.0, 1602)
  (9.0, 8.0, 1602)
  (9.0, 8.0, 1602)
  (9.0, 8.0, 1602)
  (9.0, 8.0, 1602)
  (9.0, 8.0, 1602)
  (9.0, 8.0, 1602)
  (9.0, 8.0, 1602)
  (9.0, 8.0, 1602)
  (9.0, 8.0, 1602)
  (9.0, 8.0, 1602)
  (9.0, 8.0, 1602)
  (9.0, 8.0, 1602)
  (9.0, 8.0, 1602)
  (9.0, 8.0, 1602)
  (9.0, 8.0, 1602)
  (9.0, 8.0, 1602)
  (9.0, 8.0, 1602)
  (9.0, 8.0, 1602)
  (9.0, 8.0, 1602)
  (9.0, 8.0, 1602)
  (9.0, 8.0, 1602)
  (9.0, 8.0, 1602)
  (9.0, 8.0, 1602)
  (9.0, 8.0, 1602)
  (9.0, 8.0, 1602)
  (9.0, 8.0, 1602)
  (9.0, 8.0, 1602)
  (9.0, 8.0, 1602)
  (9.0, 8.0, 1602)
  (9.0, 8.0, 1602)
  (9.0, 8.0, 1602)
  (9.0, 8.0, 1602)
  (9.0, 8.0, 1602)
  (9.0, 8.0, 1602)
  (9.0, 8.0, 1602)
  (9.0, 8.0, 1602)
  (9.0, 8.0, 1602)
  (9.0, 8.0, 1602)
  (9.0, 8.0, 1602)
  (9.0, 8.0, 1602)
  (9.0, 8.0, 1602)
  (9.0, 8.0, 1602)
  (9.0, 8.0, 1602)
  (9.0, 8.0, 1602)
  (9.0, 8.0, 1602)
  (9.0, 8.0, 1602)
  (9.0, 8.0, 1602)
  (9.0, 8.0, 1602)
  (9.0, 8.0, 1602)
  (9.0, 8.0, 1602)
  (9.0, 8.0, 1602)
  (9.0, 8.0, 1602)
  (9.0, 8.0, 1602)
  (9.0, 8.0, 1602)
  (9.0, 8.0, 1602)
  (9.0, 8.0, 1602)
  (9.0, 8.0, 1602)
  (9.0, 8.0, 1602)
  (9.0, 8.0, 1602)
  (9.0, 8.0, 1602)
  (9.0, 8.0, 1602)
  (9.0, 8.0, 1602)
  (9.0, 8.0, 1602)
  (9.0, 8.0, 2489)
  (9.0, 8.0, 2489)
  (9.0, 8.0, 2489)
  (9.0, 8.0, 2489)
  (9.0, 8.0, 2489)
  (9.0, 8.0, 2489)
  (9.0, 8.0, 2489)
  (9.0, 8.0, 2489)
  (9.0, 8.0, 2489)
  (9.0, 8.0, 2489)
  (9.0, 8.0, 2489)
  (9.0, 8.0, 2489)
  (9.0, 8.0, 2489)
  (9.0, 8.0, 2489)
  (9.0, 8.0, 2489)
  (9.0, 8.0, 2489)
  (9.0, 8.0, 2489)
  (9.0, 8.0, 2489)
  (9.0, 8.0, 2489)
  (9.0, 8.0, 2489)
  (9.0, 8.0, 2489)
  (9.0, 8.0, 2489)
  (9.0, 8.0, 2489)
  (9.0, 8.0, 2489)
  (9.0, 8.0, 2489)
  (9.0, 8.0, 2489)
  (9.0, 8.0, 2489)
  (9.0, 8.0, 2489)
  (9.0, 8.0, 2489)
  (9.0, 8.0, 2489)
  (9.0, 8.0, 2489)
  (9.0, 8.0, 2489)
  (9.0, 8.0, 2489)
  (9.0, 8.0, 2489)
  (9.0, 8.0, 2489)
  (9.0, 8.0, 2489)
  (9.0, 8.0, 2489)
  (9.0, 8.0, 2489)
  (9.0, 8.0, 2489)
  (9.0, 8.0, 2489)
  (9.0, 8.0, 2489)
  (9.0, 8.0, 2489)
  (9.0, 8.0, 2489)
  (9.0, 8.0, 2489)
  (9.0, 8.0, 2489)
  (9.0, 8.0, 2489)
  (9.0, 8.0, 2489)
  (9.0, 8.0, 2489)
  (9.0, 8.0, 2489)
  (9.0, 8.0, 2489)
  (9.0, 8.0, 2489)
  (9.0, 8.0, 2489)
  (9.0, 8.0, 2489)
  (9.0, 8.0, 2489)
  (9.0, 8.0, 2489)
  (9.0, 8.0, 2489)
  (9.0, 8.0, 2489)
  (9.0, 8.0, 2489)
  (9.0, 8.0, 2489)
  (9.0, 8.0, 2489)
  (9.0, 8.0, 2489)
  (9.0, 8.0, 2489)
  (9.0, 8.0, 2489)
  (9.0, 8.0, 2489)
  (9.0, 8.0, 2489)
  (9.0, 8.0, 2489)
  (9.0, 8.0, 2489)
  (9.0, 8.0, 2489)
  (9.0, 8.0, 2489)
  (9.0, 8.0, 2489)
  (9.0, 8.0, 2489)
  (9.0, 8.0, 2489)
  (9.0, 8.0, 2489)
  (9.0, 8.0, 2489)
  (9.0, 8.0, 2489)
  (9.0, 8.0, 2489)
  (9.0, 8.0, 2489)
  (9.0, 8.0, 2489)
  (9.0, 8.0, 2489)
  (9.0, 8.0, 3517)
  (9.0, 8.0, 3517)
  (9.0, 8.0, 3517)
  (9.0, 8.0, 3517)
  (9.0, 8.0, 3517)
  (9.0, 8.0, 3517)
  (9.0, 8.0, 3517)
  (9.0, 8.0, 3636)
  (9.0, 8.0, 3636)
  (9.0, 8.0, 3636)
  (9.0, 8.0, 3636)
  (9.0, 8.0, 3636)
  (9.0, 8.0, 3636)
  (9.0, 8.0, 3870)
  (9.0, 8.0, 3870)
  (9.0, 8.0, 3870)
  (9.0, 8.0, 3870)
  (9.0, 8.0, 3870)
  (9.0, 8.0, 3870)
  (9.0, 8.0, 3870)
  (9.0, 8.0, 3870)
  (9.0, 8.0, 4237)
  (9.0, 8.0, 4237)
  (9.0, 8.0, 4237)
  (9.0, 8.0, 4237)
  (9.0, 8.0, 4237)
  (9.0, 8.0, 4237)
  (9.0, 8.0, 4237)
  (9.0, 8.0, 4237)
  (9.0, 8.0, 4237)
  (9.0, 8.0, 4237)
  (9.0, 8.0, 4237)
  (9.0, 8.0, 4237)
  (9.0, 8.0, 4237)
  (9.0, 8.0, 4237)
  (9.0, 8.0, 4237)
  (9.0, 8.0, 4237)
  (9.0, 8.0, 4237)
  (9.0, 8.0, 4237)
  (9.0, 8.0, 4237)
  (9.0, 8.0, 4237)
  (9.0, 8.0, 4237)
  (9.0, 8.0, 4237)
  (9.0, 8.0, 4237)
  (9.0, 8.0, 4237)
  (9.0, 8.0, 4237)
  (9.0, 8.0, 4237)
  (9.0, 8.0, 4237)
  (9.0, 8.0, 4237)
  (9.0, 8.0, 4237)
  (9.0, 8.0, 4237)
  (9.0, 8.0, 4237)
  (9.0, 8.0, 4237)
  (9.0, 8.0, 4237)
  (9.0, 8.0, 4237)
  (9.0, 8.0, 4237)
  (9.0, 8.0, 4237)
  (9.0, 8.0, 4237)
  (9.0, 8.0, 4237)
  (9.0, 8.0, 4237)
  (9.0, 8.0, 4237)
  (9.0, 8.0, 4237)
  (9.0, 8.0, 4237)
  (9.0, 8.0, 4237)
  (9.0, 8.0, 4237)
  (9.0, 8.0, 4237)
  (9.0, 8.0, 4237)
  (9.0, 8.0, 4237)
  (9.0, 8.0, 4237)
  (9.0, 8.0, 4237)
  (9.0, 8.0, 4237)
  (9.0, 8.0, 4237)
  (9.0, 8.0, 4237)
  (9.0, 8.0, 4237)
  (9.0, 8.0, 4237)
  (9.0, 8.0, 4237)
  (9.0, 8.0, 4237)
  (9.0, 8.0, 4237)
  (9.0, 8.0, 4237)
  (9.0, 8.0, 4237)
  (9.0, 8.0, 4237)
  (9.0, 8.0, 4237)
  (9.0, 8.0, 4237)
  (9.0, 8.0, 4237)
  (9.0, 8.0, 4237)
  (9.0, 8.0, 4237)
  (9.0, 8.0, 4237)
  (9.0, 8.0, 4237)
  (9.0, 8.0, 4237)
  (9.0, 8.0, 4237)
  (9.0, 8.0, 4237)
  (9.0, 8.0, 4237)
  (9.0, 8.0, 4237)
  (9.0, 8.0, 4237)
  (9.0, 8.0, 4237)
  (9.0, 8.0, 4237)
  (9.0, 8.0, 4237)
  (9.0, 8.0, 4237)
  (9.0, 8.0, 4237)
  (9.0, 8.0, 4237)
  (9.0, 8.0, 4237)
  (9.0, 8.0, 4726)
  (9.0, 8.0, 4726)
  (9.0, 8.0, 4726)
  (9.0, 8.0, 4726)
  (9.0, 8.0, 4726)
  (9.0, 8.0, 4726)
  (9.0, 8.0, 4726)
  (9.0, 8.0, 4726)
  (9.0, 8.0, 4726)
  (9.0, 8.0, 4726)
  (9.0, 8.0, 4726)
  (9.0, 8.0, 4726)
  (9.0, 8.0, 4726)
  (9.0, 8.0, 4726)
  (9.0, 8.0, 4726)
  (9.0, 8.0, 4726)
  (9.0, 8.0, 4726)
  (9.0, 8.0, 4726)
  (9.0, 8.0, 4726)
  (9.0, 8.0, 4726)
  (9.0, 8.0, 4726)
  (9.0, 8.0, 4726)
  (9.0, 8.0, 4726)
  (9.0, 8.0, 4726)
  (9.0, 8.0, 4726)
  (9.0, 8.0, 4726)
  (9.0, 8.0, 4726)
  (9.0, 8.0, 4726)
  (9.0, 8.0, 4726)
  (9.0, 8.0, 4726)
  (9.0, 8.0, 4726)
  (9.0, 8.0, 4726)
  (9.0, 8.0, 4726)
  (9.0, 8.0, 4726)
  (9.0, 8.0, 4726)
  (9.0, 8.0, 4726)
  (9.0, 8.0, 4726)
  (9.0, 8.0, 4726)
  (9.0, 8.0, 4726)
  (9.0, 8.0, 4726)
  (9.0, 8.0, 4726)
  (9.0, 8.0, 4726)
  (9.0, 8.0, 4726)
  (9.0, 8.0, 4726)
  (9.0, 8.0, 4726)
  (9.0, 8.0, 4726)
  (9.0, 8.0, 4726)
  (9.0, 8.0, 4726)
  (9.0, 8.0, 4726)
  (9.0, 8.0, 4726)
  (9.0, 8.0, 4726)
  (9.0, 8.0, 4726)
  (9.0, 8.0, 4726)
  (9.0, 8.0, 4726)
  (9.0, 8.0, 4726)
  (9.0, 8.0, 4726)
  (9.0, 8.0, 4726)
  (9.0, 8.0, 4726)
  (9.0, 8.0, 4726)
  (9.0, 8.0, 4726)
  (9.0, 8.0, 4726)
  (9.0, 8.0, 4726)
  (9.0, 8.0, 4726)
  (9.0, 8.0, 4726)
  (9.0, 8.0, 4726)
  (9.0, 8.0, 4726)
  (9.0, 8.0, 4726)
  (9.0, 8.0, 4726)
  (9.0, 8.0, 4726)
  (9.0, 8.0, 4726)
  (9.0, 8.0, 4726)
  (9.0, 8.0, 4726)
  (9.0, 8.0, 4726)
  (9.0, 8.0, 4726)
  (9.0, 8.0, 4726)
  (9.0, 8.0, 4726)
  (9.0, 8.0, 4726)
  (9.0, 8.0, 4726)
  (9.0, 8.0, 4726)
  (9.0, 8.0, 4953)
  (9.0, 8.0, 4953)
  (9.0, 8.0, 4953)
  (9.0, 8.0, 4953)
  (9.0, 8.0, 5359)
  (9.0, 8.0, 5359)
  (9.0, 8.0, 5359)
  (9.0, 8.0, 6373)
  (9.0, 8.0, 6373)
  (9.0, 8.0, 6517)
  (9.0, 8.0, 6517)
  (9.0, 8.0, 6517)
  (9.0, 8.0, 6517)
  (9.0, 8.0, 6517)
  (9.0, 8.0, 6517)
  (9.0, 8.0, 6517)
  (9.0, 8.0, 6517)
  (9.0, 8.0, 6944)
  (9.0, 8.0, 6944)
  (9.0, 8.0, 6944)
  (9.0, 8.0, 6944)
  (9.0, 8.0, 6944)
  (9.0, 8.0, 6944)
  (9.0, 8.0, 6944)
  (9.0, 8.0, 6944)
  (9.0, 8.0, 7443)
  (9.0, 8.0, 7443)
  (9.0, 8.0, 7443)
  (9.0, 8.0, 7443)
  (9.0, 8.0, 8188)
  (9.0, 8.0, 8188)
  (9.0, 8.0, 8188)
  (9.0, 8.0, 8188)
  (9.0, 8.0, 8188)
  (9.0, 8.0, 8188)
  (9.0, 8.0, 8188)
  (9.0, 8.0, 8259)
  (9.0, 8.0, 8259)
  (9.0, 8.0, 8259)
  (9.0, 8.0, 8259)
  (9.0, 8.0, 8259)
  (9.0, 8.0, 8259)
  (9.0, 8.0, 8259)
  (9.0, 8.0, 8259)
  (9.0, 8.0, 8259)
  (9.0, 8.0, 8259)
  (9.0, 8.0, 8259)
  (9.0, 8.0, 8259)
  (9.0, 8.0, 8259)
  (9.0, 8.0, 8259)
  (9.0, 8.0, 8259)
  (9.0, 8.0, 8259)
  (9.0, 8.0, 8259)
  (9.0, 8.0, 8259)
  (9.0, 8.0, 8259)
  (9.0, 8.0, 8259)
  (9.0, 8.0, 8259)
  (9.0, 8.0, 8259)
  (9.0, 8.0, 8259)
  (9.0, 8.0, 8259)
  (9.0, 8.0, 8259)
  (9.0, 8.0, 8259)
  (9.0, 8.0, 8259)
  (9.0, 8.0, 8259)
  (9.0, 8.0, 8259)
  (9.0, 8.0, 8259)
  (9.0, 8.0, 8259)
  (9.0, 8.0, 8259)
  (9.0, 8.0, 8259)
  (9.0, 8.0, 8259)
  (9.0, 8.0, 8259)
  (9.0, 8.0, 8259)
  (9.0, 8.0, 8259)
  (9.0, 8.0, 8259)
  (9.0, 8.0, 8259)
  (9.0, 8.0, 8259)
  (9.0, 8.0, 8259)
  (9.0, 8.0, 8259)
  (9.0, 8.0, 8259)
  (9.0, 8.0, 8259)
  (9.0, 8.0, 8259)
  (9.0, 8.0, 8259)
  (9.0, 8.0, 8259)
  (9.0, 8.0, 8259)
  (9.0, 8.0, 8259)
  (9.0, 8.0, 8259)
  (9.0, 8.0, 8259)
  (9.0, 8.0, 8259)
  (9.0, 8.0, 8259)
  (9.0, 8.0, 8259)
  (9.0, 8.0, 8259)
  (9.0, 8.0, 8259)
  (9.0, 8.0, 8259)
  (9.0, 8.0, 8259)
  (9.0, 8.0, 8259)
  (9.0, 8.0, 8259)
  (9.0, 8.0, 8259)
  (9.0, 8.0, 8259)
  (9.0, 8.0, 8259)
  (9.0, 8.0, 8259)
  (9.0, 8.0, 8259)
  (9.0, 8.0, 8259)
  (9.0, 8.0, 8259)
  (9.0, 8.0, 8259)
  (9.0, 8.0, 8259)
  (9.0, 8.0, 8259)
  (9.0, 8.0, 8259)
  (9.0, 8.0, 8259)
  (9.0, 8.0, 8259)
  (9.0, 8.0, 8259)
  (9.0, 8.0, 8259)
  (9.0, 8.0, 8259)
  (9.0, 8.0, 8259)
  (9.0, 8.0, 8259)
  (9.0, 8.0, 8259)
  (9.0, 8.0, 8512)
  (9.0, 8.0, 8512)
  (9.0, 8.0, 8512)
  (9.0, 8.0, 8512)
  (9.0, 8.0, 8512)
  (9.0, 8.0, 8512)
  (9.0, 8.0, 8512)
  (9.0, 8.0, 8512)
  (9.0, 8.0, 8512)
  (9.0, 8.0, 8512)
  (9.0, 8.0, 8512)
  (9.0, 8.0, 8512)
  (9.0, 8.0, 8512)
  (9.0, 8.0, 8512)
  (9.0, 8.0, 8512)
  (9.0, 8.0, 8512)
  (9.0, 8.0, 8512)
  (9.0, 8.0, 8512)
  (9.0, 8.0, 8512)
  (9.0, 8.0, 8512)
  (9.0, 8.0, 8512)
  (9.0, 8.0, 8512)
  (9.0, 8.0, 8512)
  (9.0, 8.0, 8512)
  (9.0, 8.0, 8512)
  (9.0, 8.0, 8512)
  (9.0, 8.0, 8512)
  (9.0, 8.0, 8512)
  (9.0, 8.0, 8512)
  (9.0, 8.0, 8512)
  (9.0, 8.0, 8512)
  (9.0, 8.0, 8512)
  (9.0, 8.0, 8512)
  (9.0, 8.0, 8512)
  (9.0, 8.0, 8512)
  (9.0, 8.0, 8512)
  (9.0, 8.0, 8512)
  (9.0, 8.0, 8512)
  (9.0, 8.0, 8512)
  (9.0, 8.0, 8512)
  (9.0, 8.0, 8512)
  (9.0, 8.0, 8512)
  (9.0, 8.0, 8512)
  (9.0, 8.0, 8512)
  (9.0, 8.0, 8512)
  (9.0, 8.0, 8512)
  (9.0, 8.0, 8512)
  (9.0, 8.0, 8512)
  (9.0, 8.0, 8512)
  (9.0, 8.0, 8512)
  (9.0, 8.0, 8512)
  (9.0, 8.0, 8512)
  (9.0, 8.0, 8512)
  (9.0, 8.0, 8512)
  (9.0, 8.0, 8512)
  (9.0, 8.0, 8512)
  (9.0, 8.0, 8512)
  (9.0, 8.0, 8512)
  (9.0, 8.0, 8512)
  (9.0, 8.0, 8512)
  (9.0, 8.0, 8512)
  (9.0, 8.0, 8512)
  (9.0, 8.0, 8512)
  (9.0, 8.0, 8512)
  (9.0, 8.0, 8512)
  (9.0, 8.0, 8512)
  (9.0, 8.0, 8512)
  (9.0, 8.0, 8512)
  (9.0, 8.0, 8512)
  (9.0, 8.0, 8512)
  (9.0, 8.0, 8512)
  (9.0, 8.0, 8512)
  (9.0, 8.0, 8512)
  (9.0, 8.0, 8512)
  (9.0, 8.0, 8512)
  (9.0, 8.0, 8512)
  (9.0, 8.0, 8512)
  (9.0, 8.0, 8512)
  (9.0, 8.0, 8566)
  (9.0, 8.0, 8566)
  (9.0, 8.0, 8566)
  (9.0, 8.0, 8566)
  (9.0, 8.0, 8566)
  (9.0, 8.0, 8566)
  (9.0, 8.0, 8566)
  (9.0, 8.0, 8566)
  (9.0, 8.0, 8566)
  (9.0, 8.0, 8951)
  (9.0, 8.0, 8951)
  (9.0, 8.0, 8951)
  (9.0, 8.0, 8951)
  (9.0, 8.0, 8951)
  (9.0, 8.0, 8951)
  (9.0, 8.0, 9038)
  (9.0, 8.0, 9038)
  (9.0, 8.0, 9038)
  (9.0, 8.0, 9038)
  (9.0, 8.0, 9038)
  (9.0, 8.0, 9038)
  (9.0, 8.0, 9038)
  (9.0, 8.0, 9038)
  (9.0, 8.0, 9038)
  (9.0, 8.0, 9038)
  (9.0, 8.0, 9038)
  (9.0, 8.0, 9038)
  (9.0, 8.0, 9038)
  (9.0, 8.0, 9038)
  (9.0, 8.0, 9038)
  (9.0, 8.0, 9038)
  (9.0, 8.0, 9038)
  (9.0, 8.0, 9038)
  (9.0, 8.0, 9038)
  (9.0, 8.0, 9038)
  (9.0, 8.0, 9038)
  (9.0, 8.0, 9038)
  (9.0, 8.0, 9038)
  (9.0, 8.0, 9038)
  (9.0, 8.0, 9038)
  (9.0, 8.0, 9038)
  (9.0, 8.0, 9038)
  (9.0, 8.0, 9038)
  (9.0, 8.0, 9038)
  (9.0, 8.0, 9038)
  (9.0, 8.0, 9038)
  (9.0, 8.0, 9038)
  (9.0, 8.0, 9038)
  (9.0, 8.0, 9038)
  (9.0, 8.0, 9038)
  (9.0, 8.0, 9038)
  (9.0, 8.0, 9038)
  (9.0, 8.0, 9038)
  (9.0, 8.0, 9038)
  (9.0, 8.0, 9038)
  (9.0, 8.0, 9038)
  (9.0, 8.0, 9038)
  (9.0, 8.0, 9038)
  (9.0, 8.0, 9038)
  (9.0, 8.0, 9038)
  (9.0, 8.0, 9038)
  (9.0, 8.0, 9038)
  (9.0, 8.0, 9038)
  (9.0, 8.0, 9038)
  (9.0, 8.0, 9038)
  (9.0, 8.0, 9038)
  (9.0, 8.0, 9038)
  (9.0, 8.0, 9038)
  (9.0, 8.0, 9038)
  (9.0, 8.0, 9038)
  (9.0, 8.0, 9038)
  (9.0, 8.0, 9038)
  (9.0, 8.0, 9038)
  (9.0, 8.0, 9038)
  (9.0, 8.0, 9038)
  (9.0, 8.0, 9038)
  (9.0, 8.0, 9038)
  (9.0, 8.0, 9038)
  (9.0, 8.0, 9038)
  (9.0, 8.0, 9038)
  (9.0, 8.0, 9038)
  (9.0, 8.0, 9038)
  (9.0, 8.0, 9038)
  (9.0, 8.0, 9038)
  (9.0, 8.0, 9038)
  (9.0, 8.0, 9038)
  (9.0, 8.0, 9038)
  (9.0, 8.0, 9038)
  (9.0, 8.0, 9038)
  (9.0, 8.0, 9038)
  (9.0, 8.0, 9038)
  (9.0, 8.0, 9268)
  (9.0, 8.0, 9268)
  (9.0, 8.0, 9268)
  (9.0, 8.0, 9268)
  (9.0, 8.0, 9268)
  (9.0, 8.0, 9268)
  (9.0, 8.0, 9268)
  (9.0, 8.0, 9268)
  (9.0, 8.0, 9268)
  (9.0, 8.0, 9268)
  (9.0, 8.0, 9268)
  (9.0, 8.0, 9268)
  (9.0, 8.0, 9268)
  (9.0, 8.0, 9268)
  (9.0, 8.0, 9268)
  (9.0, 8.0, 9268)
  (9.0, 8.0, 9268)
  (9.0, 8.0, 9268)
  (9.0, 8.0, 9268)
  (9.0, 8.0, 9268)
  (9.0, 8.0, 9268)
  (9.0, 8.0, 9268)
  (9.0, 8.0, 9268)
  (9.0, 8.0, 9268)
  (9.0, 8.0, 9268)
  (9.0, 8.0, 9268)
  (9.0, 8.0, 9268)
  (9.0, 8.0, 9268)
  (9.0, 8.0, 9268)
  (9.0, 8.0, 9268)
  (9.0, 8.0, 9268)
  (9.0, 8.0, 9268)
  (9.0, 8.0, 9268)
  (9.0, 8.0, 9268)
  (9.0, 8.0, 9268)
  (9.0, 8.0, 9268)
  (9.0, 8.0, 9268)
  (9.0, 8.0, 9268)
  (9.0, 8.0, 9268)
  (9.0, 8.0, 9268)
  (9.0, 8.0, 9268)
  (9.0, 8.0, 9268)
  (9.0, 8.0, 9268)
  (9.0, 8.0, 9268)
  (9.0, 8.0, 9268)
  (9.0, 8.0, 9268)
  (9.0, 8.0, 9268)
  (9.0, 8.0, 9268)
  (9.0, 8.0, 9268)
  (9.0, 8.0, 9268)
  (9.0, 8.0, 9268)
  (9.0, 8.0, 9268)
  (9.0, 8.0, 9268)
  (9.0, 8.0, 9268)
  (9.0, 8.0, 9268)
  (9.0, 8.0, 9268)
  (9.0, 8.0, 9268)
  (9.0, 8.0, 9268)
  (9.0, 8.0, 9268)
  (9.0, 8.0, 9268)
  (9.0, 8.0, 9268)
  (9.0, 8.0, 9268)
  (9.0, 8.0, 9268)
  (9.0, 8.0, 9268)
  (9.0, 8.0, 9268)
  (9.0, 8.0, 9268)
  (9.0, 8.0, 9268)
  (9.0, 8.0, 9268)
  (9.0, 8.0, 9268)
  (9.0, 8.0, 9268)
  (9.0, 8.0, 9268)
  (9.0, 8.0, 9268)
  (9.0, 8.0, 9268)
  (9.0, 8.0, 9268)
  (9.0, 8.0, 9268)
  (9.0, 8.0, 9268)
  (9.0, 8.0, 9268)
  (9.0, 8.0, 9268)
  (9.0, 8.0, 9268)
  (9.0, 8.0, 9526)
  (9.0, 8.0, 9526)
  (9.0, 8.0, 9526)
  (9.0, 8.0, 9526)
  (9.0, 8.0, 9657)
  (9.0, 8.0, 9657)
  (9.0, 8.0, 9657)
  (9.0, 8.0, 9657)
  (9.0, 8.0, 9657)
  (9.0, 8.0, 9657)
  (9.0, 8.0, 9657)
  (9.0, 8.0, 9657)
  (9.0, 8.0, 9670)
  (9.0, 8.0, 9670)
  (9.0, 9.0, 1288)
  (9.0, 9.0, 1288)
  (9.0, 9.0, 1288)
  (9.0, 9.0, 1288)
  (9.0, 9.0, 1288)
  (9.0, 9.0, 1288)
  (9.0, 9.0, 1288)
  (9.0, 9.0, 1288)
  (9.0, 9.0, 1288)
  (9.0, 9.0, 1288)
  (9.0, 9.0, 1288)
  (9.0, 9.0, 1288)
  (9.0, 9.0, 1288)
  (9.0, 9.0, 1288)
  (9.0, 9.0, 1288)
  (9.0, 9.0, 1288)
  (9.0, 9.0, 1288)
  (9.0, 9.0, 1288)
  (9.0, 9.0, 1288)
  (9.0, 9.0, 1288)
  (9.0, 9.0, 1288)
  (9.0, 9.0, 1288)
  (9.0, 9.0, 1288)
  (9.0, 9.0, 1288)
  (9.0, 9.0, 1288)
  (9.0, 9.0, 1288)
  (9.0, 9.0, 1288)
  (9.0, 9.0, 1288)
  (9.0, 9.0, 1288)
  (9.0, 9.0, 1288)
  (9.0, 9.0, 1288)
  (9.0, 9.0, 1288)
  (9.0, 9.0, 1288)
  (9.0, 9.0, 1288)
  (9.0, 9.0, 1288)
  (9.0, 9.0, 1288)
  (9.0, 9.0, 1288)
  (9.0, 9.0, 1288)
  (9.0, 9.0, 1288)
  (9.0, 9.0, 1288)
  (9.0, 9.0, 1288)
  (9.0, 9.0, 1288)
  (9.0, 9.0, 1288)
  (9.0, 9.0, 1288)
  (9.0, 9.0, 1288)
  (9.0, 9.0, 1288)
  (9.0, 9.0, 1288)
  (9.0, 9.0, 1288)
  (9.0, 9.0, 1288)
  (9.0, 9.0, 1288)
  (9.0, 9.0, 1288)
  (9.0, 9.0, 1288)
  (9.0, 9.0, 1288)
  (9.0, 9.0, 1288)
  (9.0, 9.0, 1288)
  (9.0, 9.0, 1288)
  (9.0, 9.0, 1288)
  (9.0, 9.0, 1288)
  (9.0, 9.0, 1288)
  (9.0, 9.0, 1288)
  (9.0, 9.0, 1288)
  (9.0, 9.0, 1288)
  (9.0, 9.0, 1288)
  (9.0, 9.0, 1288)
  (9.0, 9.0, 1288)
  (9.0, 9.0, 1288)
  (9.0, 9.0, 1288)
  (9.0, 9.0, 1288)
  (9.0, 9.0, 1288)
  (9.0, 9.0, 1288)
  (9.0, 9.0, 1288)
  (9.0, 9.0, 1288)
  (9.0, 9.0, 1288)
  (9.0, 9.0, 1288)
  (9.0, 9.0, 1288)
  (9.0, 9.0, 1288)
  (9.0, 9.0, 1288)
  (9.0, 9.0, 1288)
  (9.0, 9.0, 1288)
  (9.0, 9.0, 1771)
  (9.0, 9.0, 3115)
  (9.0, 9.0, 3115)
  (9.0, 9.0, 3115)
  (9.0, 9.0, 3710)
  (9.0, 9.0, 3710)
  (9.0, 9.0, 3710)
  (9.0, 9.0, 3710)
  (9.0, 9.0, 3710)
  (9.0, 9.0, 3710)
  (9.0, 9.0, 4484)
  (9.0, 9.0, 5287)
  (9.0, 9.0, 5287)
  (9.0, 9.0, 5287)
  (9.0, 9.0, 5287)
  (9.0, 9.0, 5287)
  (9.0, 9.0, 5287)
  (9.0, 9.0, 5287)
  (9.0, 9.0, 5287)
  (9.0, 9.0, 5287)
  (9.0, 9.0, 5287)
  (9.0, 9.0, 5287)
  (9.0, 9.0, 5287)
  (9.0, 9.0, 5287)
  (9.0, 9.0, 5287)
  (9.0, 9.0, 5287)
  (9.0, 9.0, 5287)
  (9.0, 9.0, 5287)
  (9.0, 9.0, 5287)
  (9.0, 9.0, 5287)
  (9.0, 9.0, 5287)
  (9.0, 9.0, 5287)
  (9.0, 9.0, 5287)
  (9.0, 9.0, 5287)
  (9.0, 9.0, 5287)
  (9.0, 9.0, 5287)
  (9.0, 9.0, 5287)
  (9.0, 9.0, 5287)
  (9.0, 9.0, 5287)
  (9.0, 9.0, 5287)
  (9.0, 9.0, 5287)
  (9.0, 9.0, 5287)
  (9.0, 9.0, 5287)
  (9.0, 9.0, 5287)
  (9.0, 9.0, 5287)
  (9.0, 9.0, 5287)
  (9.0, 9.0, 5287)
  (9.0, 9.0, 5287)
  (9.0, 9.0, 5287)
  (9.0, 9.0, 5287)
  (9.0, 9.0, 5287)
  (9.0, 9.0, 5287)
  (9.0, 9.0, 5287)
  (9.0, 9.0, 5287)
  (9.0, 9.0, 5287)
  (9.0, 9.0, 5287)
  (9.0, 9.0, 5287)
  (9.0, 9.0, 5287)
  (9.0, 9.0, 5287)
  (9.0, 9.0, 5287)
  (9.0, 9.0, 5287)
  (9.0, 9.0, 5287)
  (9.0, 9.0, 5287)
  (9.0, 9.0, 5287)
  (9.0, 9.0, 5287)
  (9.0, 9.0, 5287)
  (9.0, 9.0, 5287)
  (9.0, 9.0, 5287)
  (9.0, 9.0, 5287)
  (9.0, 9.0, 5287)
  (9.0, 9.0, 5287)
  (9.0, 9.0, 5287)
  (9.0, 9.0, 5287)
  (9.0, 9.0, 5287)
  (9.0, 9.0, 5287)
  (9.0, 9.0, 5287)
  (9.0, 9.0, 5287)
  (9.0, 9.0, 5287)
  (9.0, 9.0, 5287)
  (9.0, 9.0, 5287)
  (9.0, 9.0, 5287)
  (9.0, 9.0, 5287)
  (9.0, 9.0, 5287)
  (9.0, 9.0, 5287)
  (9.0, 9.0, 5287)
  (9.0, 9.0, 5287)
  (9.0, 9.0, 5287)
  (9.0, 9.0, 5287)
  (9.0, 9.0, 5287)
  (9.0, 9.0, 5287)
  (9.0, 9.0, 7116)
  (9.0, 9.0, 8533)
  (9.0, 9.0, 8533)
  (9.0, 9.0, 8533)
  (9.0, 9.0, 8533)
  (9.0, 9.0, 8533)
  (9.0, 9.0, 9253)
  (9.0, 9.0, 9253)
  (9.0, 9.0, 9253)
  (9.0, 9.0, 9253)
  (9.0, 9.0, 9253)
  (9.0, 9.0, 9253)
  (9.0, 9.0, 9253)
  (9.0, 9.0, 9253)
  (9.0, 9.0, 9253)
  (9.0, 9.0, 9253)
  (9.0, 9.0, 9253)
  (9.0, 9.0, 9253)
  (9.0, 9.0, 9253)
  (9.0, 9.0, 9253)
  (9.0, 9.0, 9253)
  (9.0, 9.0, 9253)
  (9.0, 9.0, 9253)
  (9.0, 9.0, 9253)
  (9.0, 9.0, 9253)
  (9.0, 9.0, 9253)
  (9.0, 9.0, 9253)
  (9.0, 9.0, 9253)
  (9.0, 9.0, 9253)
  (9.0, 9.0, 9253)
  (9.0, 9.0, 9253)
  (9.0, 9.0, 9253)
  (9.0, 9.0, 9253)
  (9.0, 9.0, 9253)
  (9.0, 9.0, 9253)
  (9.0, 9.0, 9253)
  (9.0, 9.0, 9253)
  (9.0, 9.0, 9253)
  (9.0, 9.0, 9253)
  (9.0, 9.0, 9253)
  (9.0, 9.0, 9253)
  (9.0, 9.0, 9253)
  (9.0, 9.0, 9253)
  (9.0, 9.0, 9253)
  (9.0, 9.0, 9253)
  (9.0, 9.0, 9253)
  (9.0, 9.0, 9253)
  (9.0, 9.0, 9253)
  (9.0, 9.0, 9253)
  (9.0, 9.0, 9253)
  (9.0, 9.0, 9253)
  (9.0, 9.0, 9253)
  (9.0, 9.0, 9253)
  (9.0, 9.0, 9253)
  (9.0, 9.0, 9253)
  (9.0, 9.0, 9253)
  (9.0, 9.0, 9253)
  (9.0, 9.0, 9253)
  (9.0, 9.0, 9253)
  (9.0, 9.0, 9253)
  (9.0, 9.0, 9253)
  (9.0, 9.0, 9253)
  (9.0, 9.0, 9253)
  (9.0, 9.0, 9253)
  (9.0, 9.0, 9253)
  (9.0, 9.0, 9253)
  (9.0, 9.0, 9253)
  (9.0, 9.0, 9253)
  (9.0, 9.0, 9253)
  (9.0, 9.0, 9253)
  (9.0, 9.0, 9253)
  (9.0, 9.0, 9253)
  (9.0, 9.0, 9253)
  (9.0, 9.0, 9253)
  (9.0, 9.0, 9253)
  (9.0, 9.0, 9253)
  (9.0, 9.0, 9253)
  (9.0, 9.0, 9253)
  (9.0, 9.0, 9253)
  (9.0, 9.0, 9253)
  (9.0, 9.0, 9253)
  (9.0, 9.0, 9253)
  (9.0, 9.0, 9253)
  (9.0, 9.0, 9253)
  (9.0, 10.0, 1955)
  (9.0, 10.0, 2982)
  (9.0, 10.0, 2982)
  (9.0, 10.0, 3101)
  (9.0, 10.0, 3101)
  (9.0, 10.0, 3101)
  (9.0, 10.0, 3101)
  (9.0, 10.0, 3101)
  (9.0, 10.0, 3101)
  (9.0, 10.0, 9207)
  (9.0, 10.0, 9207)
  (9.0, 10.0, 9207)
  (9.0, 10.0, 9297)
  (9.0, 10.0, 9297)
  (9.0, 10.0, 9297)
  (9.0, 11.0, 775)
  (9.0, 11.0, 1495)
  (9.0, 11.0, 3044)
  (9.0, 11.0, 3044)
  (9.0, 11.0, 3044)
  (9.0, 11.0, 3044)
  (9.0, 11.0, 3044)
  (9.0, 11.0, 3044)
  (9.0, 11.0, 3044)
  (9.0, 11.0, 3044)
  (9.0, 11.0, 3044)
  (9.0, 11.0, 3044)
  (9.0, 11.0, 3044)
  (9.0, 11.0, 3044)
  (9.0, 11.0, 3044)
  (9.0, 11.0, 3915)
  (9.0, 11.0, 3915)
  (9.0, 11.0, 3915)
  (9.0, 11.0, 3915)
  (9.0, 11.0, 3915)
  (9.0, 11.0, 3915)
  (9.0, 11.0, 3915)
  (9.0, 11.0, 3915)
  (9.0, 11.0, 3915)
  (9.0, 11.0, 4604)
  (9.0, 11.0, 4604)
  (9.0, 11.0, 4604)
  (9.0, 11.0, 4604)
  (9.0, 11.0, 4604)
  (9.0, 11.0, 5330)
  (9.0, 11.0, 5683)
  (9.0, 11.0, 8295)
  (9.0, 11.0, 8295)
  (9.0, 11.0, 8295)
  (9.0, 11.0, 8472)
  (9.0, 11.0, 8472)
  (9.0, 11.0, 8472)
  (9.0, 11.0, 8472)
  (9.0, 11.0, 8478)
  (9.0, 11.0, 8478)
  (9.0, 11.0, 8624)
  (9.0, 11.0, 8624)
  (9.0, 11.0, 8624)
  (9.0, 11.0, 8749)
  (9.0, 12.0, 225)
  (9.0, 12.0, 225)
  (9.0, 12.0, 225)
  (9.0, 12.0, 225)
  (9.0, 12.0, 225)
  (9.0, 13.0, 446)
  (9.0, 13.0, 446)
  (9.0, 13.0, 446)
  (9.0, 13.0, 446)
  (9.0, 13.0, 446)
  (9.0, 13.0, 446)
  (9.0, 13.0, 446)
  (9.0, 13.0, 446)
  (9.0, 13.0, 446)
  (9.0, 13.0, 446)
  (9.0, 13.0, 446)
  (9.0, 13.0, 446)
  (9.0, 13.0, 446)
  (9.0, 13.0, 757)
  (9.0, 13.0, 757)
  (9.0, 13.0, 757)
  (9.0, 13.0, 757)
  (9.0, 13.0, 757)
  (9.0, 13.0, 757)
  (9.0, 13.0, 757)
  (9.0, 13.0, 757)
  (9.0, 13.0, 757)
  (9.0, 13.0, 757)
  (9.0, 13.0, 757)
  (9.0, 13.0, 757)
  (9.0, 13.0, 757)
  (9.0, 13.0, 3849)
  (9.0, 13.0, 3849)
  (9.0, 13.0, 3849)
  (9.0, 13.0, 3849)
  (9.0, 13.0, 3849)
  (9.0, 13.0, 3849)
  (9.0, 13.0, 3849)
  (9.0, 13.0, 4591)
  (9.0, 13.0, 4591)
  (9.0, 13.0, 4818)
  (9.0, 13.0, 4818)
  (9.0, 13.0, 4818)
  (9.0, 13.0, 4818)
  (9.0, 13.0, 4818)
  (9.0, 13.0, 4818)
  (9.0, 13.0, 4818)
  (9.0, 13.0, 4818)
  (9.0, 13.0, 4875)
  (9.0, 13.0, 4875)
  (9.0, 13.0, 4875)
  (9.0, 13.0, 4875)
  (9.0, 13.0, 4875)
  (9.0, 13.0, 4875)
  (9.0, 13.0, 4962)
  (9.0, 13.0, 4962)
  (9.0, 13.0, 4962)
  (9.0, 13.0, 4962)
  (9.0, 13.0, 4962)
  (9.0, 13.0, 4962)
  (9.0, 13.0, 4962)
  (9.0, 13.0, 4962)
  (9.0, 13.0, 4962)
  (9.0, 13.0, 4962)
  (9.0, 13.0, 4962)
  (9.0, 13.0, 4962)
  (9.0, 13.0, 6138)
  (9.0, 13.0, 6138)
  (9.0, 13.0, 6138)
  (9.0, 13.0, 6138)
  (9.0, 13.0, 6138)
  (9.0, 13.0, 6138)
  (9.0, 13.0, 6138)
  (9.0, 13.0, 6138)
  (9.0, 13.0, 6138)
  (9.0, 13.0, 6138)
  (9.0, 13.0, 6138)
  (9.0, 13.0, 6138)
  (9.0, 13.0, 6138)
  (9.0, 13.0, 6138)
  (9.0, 13.0, 6138)
  (9.0, 13.0, 6138)
  (9.0, 13.0, 6138)
  (9.0, 13.0, 7849)
  (9.0, 13.0, 7849)
  (9.0, 13.0, 7849)
  (9.0, 13.0, 7849)
  (9.0, 13.0, 7849)
  (9.0, 13.0, 7849)
  (9.0, 13.0, 7849)
  (9.0, 13.0, 7849)
  (9.0, 13.0, 7849)
  (9.0, 13.0, 7849)
  (9.0, 13.0, 8452)
  (9.0, 13.0, 8452)
  (9.0, 13.0, 8452)
  (9.0, 13.0, 8452)
  (9.0, 13.0, 8452)
  (9.0, 13.0, 8452)
  (9.0, 13.0, 8452)
  (9.0, 13.0, 8452)
  (9.0, 13.0, 8452)
  (9.0, 14.0, 2516)
  (9.0, 17.0, 63)
  (9.0, 17.0, 63)
  (9.0, 17.0, 373)
  (9.0, 17.0, 373)
  (9.0, 17.0, 373)
  (9.0, 17.0, 628)
  (9.0, 17.0, 628)
  (9.0, 17.0, 628)
  (9.0, 17.0, 810)
  (9.0, 17.0, 810)
  (9.0, 17.0, 810)
  (9.0, 17.0, 877)
  (9.0, 17.0, 877)
  (9.0, 17.0, 1859)
  (9.0, 17.0, 1859)
  (9.0, 17.0, 1859)
  (9.0, 17.0, 2027)
  (9.0, 17.0, 2145)
  (9.0, 17.0, 2243)
  (9.0, 17.0, 2243)
  (9.0, 17.0, 2243)
  (9.0, 17.0, 2243)
  (9.0, 17.0, 2249)
  (9.0, 17.0, 2249)
  (9.0, 17.0, 2249)
  (9.0, 17.0, 2337)
  (9.0, 17.0, 2337)
  (9.0, 17.0, 2337)
  (9.0, 17.0, 2337)
  (9.0, 17.0, 2597)
  (9.0, 17.0, 2597)
  (9.0, 17.0, 2597)
  (9.0, 17.0, 3208)
  (9.0, 17.0, 3208)
  (9.0, 17.0, 3208)
  (9.0, 17.0, 3208)
  (9.0, 17.0, 4207)
  (9.0, 17.0, 4207)
  (9.0, 17.0, 4207)
  (9.0, 17.0, 4287)
  (9.0, 17.0, 4287)
  (9.0, 17.0, 4486)
  (9.0, 17.0, 4486)
  (9.0, 17.0, 4646)
  (9.0, 17.0, 4991)
  (9.0, 17.0, 5379)
  (9.0, 17.0, 5787)
  (9.0, 17.0, 5787)
  (9.0, 17.0, 5787)
  (9.0, 17.0, 5787)
  (9.0, 17.0, 5787)
  (9.0, 17.0, 5787)
  (9.0, 17.0, 5805)
  (9.0, 17.0, 5805)
  (9.0, 17.0, 6079)
  (9.0, 17.0, 6079)
  (9.0, 17.0, 6079)
  (9.0, 17.0, 6128)
  (9.0, 17.0, 6128)
  (9.0, 17.0, 6128)
  (9.0, 17.0, 6128)
  (9.0, 17.0, 6589)
  (9.0, 17.0, 6589)
  (9.0, 17.0, 6589)
  (9.0, 17.0, 6589)
  (9.0, 17.0, 6613)
  (9.0, 17.0, 6613)
  (9.0, 17.0, 6662)
  (9.0, 17.0, 6662)
  (9.0, 17.0, 6662)
  (9.0, 17.0, 6662)
  (9.0, 17.0, 6922)
  (9.0, 17.0, 7128)
  (9.0, 17.0, 7128)
  (9.0, 17.0, 7218)
  (9.0, 17.0, 7218)
  (9.0, 17.0, 7218)
  (9.0, 17.0, 7218)
  (9.0, 17.0, 7218)
  (9.0, 17.0, 7218)
  (9.0, 17.0, 7402)
  (9.0, 17.0, 7402)
  (9.0, 17.0, 7402)
  (9.0, 17.0, 7402)
  (9.0, 17.0, 7402)
  (9.0, 17.0, 7492)
  (9.0, 17.0, 7492)
  (9.0, 17.0, 8285)
  (9.0, 17.0, 8285)
  (9.0, 17.0, 8285)
  (9.0, 17.0, 8285)
  (9.0, 17.0, 8285)
  (9.0, 17.0, 8718)
  (9.0, 17.0, 8718)
  (9.0, 17.0, 9153)
  (9.0, 17.0, 9153)
  (9.0, 17.0, 9173)
  (9.0, 17.0, 9173)
  (9.0, 17.0, 9174)
  (9.0, 17.0, 9174)
  (9.0, 17.0, 9174)
  (9.0, 17.0, 9174)
  (9.0, 17.0, 9504)
  (9.0, 17.0, 9504)
  (10.0, 9.0, 1532)
  (10.0, 9.0, 5590)
  (10.0, 9.0, 5590)
  (10.0, 10.0, 739)
  (10.0, 10.0, 739)
  (10.0, 10.0, 739)
  (10.0, 10.0, 739)
  (10.0, 10.0, 739)
  (10.0, 10.0, 815)
  (10.0, 10.0, 1027)
  (10.0, 10.0, 1027)
  (10.0, 10.0, 1027)
  (10.0, 10.0, 1027)
  (10.0, 10.0, 1027)
  (10.0, 10.0, 1027)
  (10.0, 10.0, 1027)
  (10.0, 10.0, 1027)
  (10.0, 10.0, 1027)
  (10.0, 10.0, 1027)
  (10.0, 10.0, 1027)
  (10.0, 10.0, 2077)
  (10.0, 10.0, 2077)
  (10.0, 10.0, 2077)
  (10.0, 10.0, 2077)
  (10.0, 10.0, 2240)
  (10.0, 10.0, 2240)
  (10.0, 10.0, 2240)
  (10.0, 10.0, 3382)
  (10.0, 10.0, 3382)
  (10.0, 10.0, 3382)
  (10.0, 10.0, 3382)
  (10.0, 10.0, 3382)
  (10.0, 10.0, 3382)
  (10.0, 10.0, 3382)
  (10.0, 10.0, 3382)
  (10.0, 10.0, 3382)
  (10.0, 10.0, 3863)
  (10.0, 10.0, 4005)
  (10.0, 10.0, 4005)
  (10.0, 10.0, 4005)
  (10.0, 10.0, 4005)
  (10.0, 10.0, 4005)
  (10.0, 10.0, 4005)
  (10.0, 10.0, 4005)
  (10.0, 10.0, 4374)
  (10.0, 10.0, 4374)
  (10.0, 10.0, 4374)
  (10.0, 10.0, 4374)
  (10.0, 10.0, 4374)
  (10.0, 10.0, 4374)
  (10.0, 10.0, 4374)
  (10.0, 10.0, 4374)
  (10.0, 10.0, 4374)
  (10.0, 10.0, 4374)
  (10.0, 10.0, 4374)
  (10.0, 10.0, 4374)
  (10.0, 10.0, 4622)
  (10.0, 10.0, 4622)
  (10.0, 10.0, 4622)
  (10.0, 10.0, 4622)
  (10.0, 10.0, 4622)
  (10.0, 10.0, 4622)
  (10.0, 10.0, 5050)
  (10.0, 10.0, 5050)
  (10.0, 10.0, 5050)
  (10.0, 10.0, 5050)
  (10.0, 10.0, 5050)
  (10.0, 10.0, 5844)
  (10.0, 10.0, 5844)
  (10.0, 10.0, 5844)
  (10.0, 10.0, 5844)
  (10.0, 10.0, 5844)
  (10.0, 10.0, 5844)
  (10.0, 10.0, 5844)
  (10.0, 10.0, 5844)
  (10.0, 10.0, 5844)
  (10.0, 10.0, 5844)
  (10.0, 10.0, 6267)
  (10.0, 10.0, 6267)
  (10.0, 10.0, 6912)
  (10.0, 10.0, 7626)
  (10.0, 10.0, 7626)
  (10.0, 10.0, 7626)
  (10.0, 10.0, 7626)
  (10.0, 10.0, 8219)
  (10.0, 10.0, 8219)
  (10.0, 10.0, 8219)
  (10.0, 10.0, 8219)
  (10.0, 10.0, 8219)
  (10.0, 10.0, 8963)
  (10.0, 10.0, 8963)
  (10.0, 10.0, 8963)
  (10.0, 10.0, 9077)
  (10.0, 10.0, 9077)
  (10.0, 10.0, 9077)
  (10.0, 10.0, 9077)
  (10.0, 10.0, 9077)
  (10.0, 11.0, 1976)
  (10.0, 11.0, 1976)
  (10.0, 11.0, 1976)
  (10.0, 11.0, 1976)
  (10.0, 11.0, 1976)
  (10.0, 11.0, 6889)
  (10.0, 11.0, 6889)
  (10.0, 11.0, 7239)
  (10.0, 11.0, 7239)
  (10.0, 11.0, 7239)
  (10.0, 11.0, 7239)
  (10.0, 11.0, 8690)
  (10.0, 11.0, 8690)
  (10.0, 11.0, 8690)
  (10.0, 11.0, 8690)
  (10.0, 11.0, 8690)
  (10.0, 12.0, 3549)
  (10.0, 12.0, 3549)
  (10.0, 12.0, 3549)
  (10.0, 12.0, 3549)
  (10.0, 12.0, 3549)
  (10.0, 12.0, 3549)
  (10.0, 12.0, 3549)
  (10.0, 12.0, 3549)
  (10.0, 12.0, 3549)
  (10.0, 13.0, 3852)
  (10.0, 13.0, 4427)
  (10.0, 13.0, 4427)
  (10.0, 13.0, 4427)
  (10.0, 13.0, 4427)
  (10.0, 13.0, 4427)
  (10.0, 13.0, 4427)
  (10.0, 13.0, 4427)
  (10.0, 13.0, 4427)
  (10.0, 14.0, 4333)
  (10.0, 14.0, 4333)
  (10.0, 14.0, 4333)
  (10.0, 14.0, 4333)
  (10.0, 14.0, 4333)
  (10.0, 14.0, 4333)
  (10.0, 15.0, 7221)
  (10.0, 15.0, 7221)
  (10.0, 15.0, 7221)
  (10.0, 15.0, 7221)
  (10.0, 16.0, 7729)
  (10.0, 16.0, 7729)
  (10.0, 16.0, 7729)
  (10.0, 16.0, 7729)
  (10.0, 16.0, 7729)
  (10.0, 16.0, 7729)
  (10.0, 16.0, 7729)
  (10.0, 16.0, 7729)
  (10.0, 16.0, 7729)
  (10.0, 16.0, 7729)
  (10.0, 16.0, 7729)
  (11.0, 9.0, 2124)
  (11.0, 9.0, 2124)
  (11.0, 9.0, 2124)
  (11.0, 9.0, 2186)
  (11.0, 9.0, 2186)
  (11.0, 9.0, 2186)
  (11.0, 9.0, 2186)
  (11.0, 9.0, 2186)
  (11.0, 9.0, 2186)
  (11.0, 9.0, 2186)
  (11.0, 9.0, 2186)
  (11.0, 9.0, 2199)
  (11.0, 9.0, 2199)
  (11.0, 9.0, 2199)
  (11.0, 9.0, 2199)
  (11.0, 9.0, 2652)
  (11.0, 9.0, 2652)
  (11.0, 9.0, 2652)
  (11.0, 9.0, 4456)
  (11.0, 9.0, 4456)
  (11.0, 9.0, 4456)
  (11.0, 9.0, 4456)
  (11.0, 9.0, 4456)
  (11.0, 9.0, 4456)
  (11.0, 9.0, 4456)
  (11.0, 9.0, 6917)
  (11.0, 9.0, 6917)
  (11.0, 9.0, 6917)
  (11.0, 9.0, 7096)
  (11.0, 9.0, 9449)
  (11.0, 10.0, 1135)
  (11.0, 10.0, 1135)
  (11.0, 10.0, 1135)
  (11.0, 10.0, 2890)
  (11.0, 10.0, 2890)
  (11.0, 10.0, 2890)
  (11.0, 10.0, 2890)
  (11.0, 10.0, 3074)
  (11.0, 10.0, 3074)
  (11.0, 10.0, 3312)
  (11.0, 10.0, 3312)
  (11.0, 10.0, 3312)
  (11.0, 10.0, 3312)
  (11.0, 10.0, 3312)
  (11.0, 10.0, 3496)
  (11.0, 10.0, 3496)
  (11.0, 10.0, 3496)
  (11.0, 10.0, 3496)
  (11.0, 10.0, 3496)
  (11.0, 10.0, 3496)
  (11.0, 10.0, 3496)
  (11.0, 10.0, 3598)
  (11.0, 10.0, 3598)
  (11.0, 10.0, 3598)
  (11.0, 10.0, 3598)
  (11.0, 10.0, 3640)
  (11.0, 10.0, 3640)
  (11.0, 10.0, 3640)
  (11.0, 10.0, 3640)
  (11.0, 10.0, 6186)
  (11.0, 10.0, 6328)
  (11.0, 10.0, 6888)
  (11.0, 10.0, 6888)
  (11.0, 10.0, 6888)
  (11.0, 10.0, 6888)
  (11.0, 10.0, 6888)
  (11.0, 10.0, 6888)
  (11.0, 10.0, 6888)
  (11.0, 10.0, 6888)
  (11.0, 10.0, 6888)
  (11.0, 10.0, 6888)
  (11.0, 10.0, 7033)
  (11.0, 10.0, 8119)
  (11.0, 10.0, 8845)
  (11.0, 10.0, 8845)
  (11.0, 10.0, 8845)
  (11.0, 10.0, 8845)
  (11.0, 10.0, 8845)
  (11.0, 10.0, 9102)
  (11.0, 10.0, 9102)
  (11.0, 10.0, 9102)
  (11.0, 11.0, 413)
  (11.0, 11.0, 2099)
  (11.0, 11.0, 2099)
  (11.0, 11.0, 2099)
  (11.0, 11.0, 2731)
  (11.0, 11.0, 2731)
  (11.0, 11.0, 2731)
  (11.0, 11.0, 2731)
  (11.0, 11.0, 2731)
  (11.0, 11.0, 2731)
  (11.0, 11.0, 2731)
  (11.0, 11.0, 3602)
  (11.0, 11.0, 3602)
  (11.0, 11.0, 3602)
  (11.0, 11.0, 3888)
  (11.0, 11.0, 3888)
  (11.0, 11.0, 3888)
  (11.0, 11.0, 4074)
  (11.0, 11.0, 4074)
  (11.0, 11.0, 4074)
  (11.0, 11.0, 4074)
  (11.0, 11.0, 4336)
  (11.0, 11.0, 4336)
  (11.0, 11.0, 4336)
  (11.0, 11.0, 4336)
  (11.0, 11.0, 4336)
  (11.0, 11.0, 4523)
  (11.0, 11.0, 4523)
  (11.0, 11.0, 4523)
  (11.0, 11.0, 4523)
  (11.0, 11.0, 4523)
  (11.0, 11.0, 4523)
  (11.0, 11.0, 4523)
  (11.0, 11.0, 4686)
  (11.0, 11.0, 5123)
  (11.0, 11.0, 5123)
  (11.0, 11.0, 5123)
  (11.0, 11.0, 5123)
  (11.0, 11.0, 5123)
  (11.0, 11.0, 5123)
  (11.0, 11.0, 5984)
  (11.0, 11.0, 5984)
  (11.0, 11.0, 6751)
  (11.0, 11.0, 6751)
  (11.0, 11.0, 6751)
  (11.0, 11.0, 6751)
  (11.0, 11.0, 6751)
  (11.0, 11.0, 6751)
  (11.0, 11.0, 8181)
  (11.0, 11.0, 8181)
  (11.0, 11.0, 8181)
  (11.0, 11.0, 8181)
  (11.0, 11.0, 9042)
  (11.0, 11.0, 9042)
  (11.0, 11.0, 9042)
  (11.0, 11.0, 9042)
  (11.0, 11.0, 9042)
  (11.0, 11.0, 9042)
  (11.0, 11.0, 9413)
  (11.0, 11.0, 9636)
  (11.0, 11.0, 9636)
  (11.0, 11.0, 9636)
  (11.0, 11.0, 9636)
  (11.0, 12.0, 279)
  (11.0, 12.0, 279)
  (11.0, 12.0, 280)
  (11.0, 12.0, 280)
  (11.0, 12.0, 457)
  (11.0, 12.0, 457)
  (11.0, 12.0, 457)
  (11.0, 12.0, 457)
  (11.0, 12.0, 457)
  (11.0, 12.0, 457)
  (11.0, 12.0, 1085)
  (11.0, 12.0, 1085)
  (11.0, 12.0, 1085)
  (11.0, 12.0, 1299)
  (11.0, 12.0, 1299)
  (11.0, 12.0, 1299)
  (11.0, 12.0, 1299)
  (11.0, 12.0, 3419)
  (11.0, 12.0, 7838)
  (11.0, 12.0, 8239)
  (11.0, 12.0, 8239)
  (11.0, 12.0, 9363)
  (11.0, 12.0, 9363)
  (11.0, 12.0, 9363)
  (11.0, 12.0, 9363)
  (11.0, 12.0, 9363)
  (11.0, 13.0, 2277)
  (11.0, 13.0, 2277)
  (11.0, 13.0, 2277)
  (11.0, 13.0, 2277)
  (11.0, 13.0, 2277)
  (11.0, 13.0, 2277)
  (11.0, 13.0, 2277)
  (11.0, 13.0, 2277)
  (11.0, 13.0, 2277)
  (11.0, 13.0, 6397)
  (11.0, 13.0, 6397)
  (11.0, 13.0, 6397)
  (11.0, 15.0, 171)
  (11.0, 15.0, 171)
  (11.0, 15.0, 171)
  (11.0, 16.0, 2157)
  (11.0, 16.0, 2157)
  (11.0, 16.0, 2157)
  (11.0, 16.0, 2157)
  (11.0, 16.0, 2157)
  (12.0, 8.0, 3398)
  (12.0, 8.0, 3398)
  (12.0, 8.0, 3398)
  (12.0, 8.0, 3398)
  (12.0, 8.0, 3398)
  (12.0, 8.0, 3398)
  (12.0, 9.0, 2734)
  (12.0, 9.0, 9746)
  (12.0, 9.0, 9746)
  (12.0, 10.0, 4600)
  (12.0, 10.0, 4600)
  (12.0, 10.0, 4600)
  (12.0, 10.0, 4600)
  (12.0, 10.0, 4600)
  (12.0, 10.0, 4600)
  (12.0, 10.0, 4600)
  (12.0, 10.0, 4600)
  (12.0, 10.0, 4600)
  (12.0, 10.0, 4600)
  (12.0, 10.0, 7037)
  (12.0, 10.0, 7037)
  (12.0, 10.0, 7037)
  (12.0, 10.0, 7037)
  (12.0, 10.0, 7037)
  (12.0, 10.0, 7157)
  (12.0, 11.0, 130)
  (12.0, 11.0, 130)
  (12.0, 11.0, 130)
  (12.0, 11.0, 130)
  (12.0, 11.0, 130)
  (12.0, 11.0, 130)
  (12.0, 11.0, 130)
  (12.0, 11.0, 521)
  (12.0, 11.0, 521)
  (12.0, 11.0, 521)
  (12.0, 11.0, 521)
  (12.0, 11.0, 521)
  (12.0, 11.0, 521)
  (12.0, 11.0, 521)
  (12.0, 11.0, 689)
  (12.0, 11.0, 689)
  (12.0, 11.0, 689)
  (12.0, 11.0, 689)
  (12.0, 11.0, 689)
  (12.0, 11.0, 689)
  (12.0, 11.0, 689)
  (12.0, 11.0, 689)
  (12.0, 11.0, 689)
  (12.0, 11.0, 1376)
  (12.0, 11.0, 1376)
  (12.0, 11.0, 1376)
  (12.0, 11.0, 1376)
  (12.0, 11.0, 1376)
  (12.0, 11.0, 1376)
  (12.0, 11.0, 2253)
  (12.0, 11.0, 2253)
  (12.0, 11.0, 2253)
  (12.0, 11.0, 2440)
  (12.0, 11.0, 2440)
  (12.0, 11.0, 2440)
  (12.0, 11.0, 2440)
  (12.0, 11.0, 5190)
  (12.0, 11.0, 5190)
  (12.0, 11.0, 5190)
  (12.0, 11.0, 5190)
  (12.0, 11.0, 5190)
  (12.0, 11.0, 5190)
  (12.0, 11.0, 5190)
  (12.0, 11.0, 5267)
  (12.0, 11.0, 5267)
  (12.0, 11.0, 5267)
  (12.0, 11.0, 5267)
  (12.0, 11.0, 5267)
  (12.0, 11.0, 5267)
  (12.0, 11.0, 5267)
  (12.0, 11.0, 5267)
  (12.0, 11.0, 5603)
  (12.0, 11.0, 5603)
  (12.0, 11.0, 5603)
  (12.0, 11.0, 5603)
  (12.0, 11.0, 5603)
  (12.0, 11.0, 5603)
  (12.0, 11.0, 6123)
  (12.0, 11.0, 6123)
  (12.0, 11.0, 6123)
  (12.0, 11.0, 6123)
  (12.0, 11.0, 6123)
  (12.0, 11.0, 6123)
  (12.0, 11.0, 6123)
  (12.0, 11.0, 6123)
  (12.0, 11.0, 6123)
  (12.0, 11.0, 6123)
  (12.0, 11.0, 6123)
  (12.0, 11.0, 6188)
  (12.0, 11.0, 6188)
  (12.0, 11.0, 6188)
  (12.0, 11.0, 6188)
  (12.0, 11.0, 6188)
  (12.0, 11.0, 6188)
  (12.0, 11.0, 6188)
  (12.0, 11.0, 6374)
  (12.0, 11.0, 6374)
  (12.0, 11.0, 6374)
  (12.0, 11.0, 6374)
  (12.0, 11.0, 6374)
  (12.0, 11.0, 6374)
  (12.0, 11.0, 6374)
  (12.0, 11.0, 6374)
  (12.0, 11.0, 6374)
  (12.0, 11.0, 6654)
  (12.0, 11.0, 6654)
  (12.0, 11.0, 6654)
  (12.0, 11.0, 6654)
  (12.0, 11.0, 6654)
  (12.0, 11.0, 6654)
  (12.0, 11.0, 6789)
  (12.0, 11.0, 6789)
  (12.0, 11.0, 6789)
  (12.0, 11.0, 6789)
  (12.0, 11.0, 6789)
  (12.0, 11.0, 6789)
  (12.0, 11.0, 6789)
  (12.0, 11.0, 6789)
  (12.0, 11.0, 6798)
  (12.0, 11.0, 6798)
  (12.0, 11.0, 7364)
  (12.0, 11.0, 7364)
  (12.0, 11.0, 7364)
  (12.0, 11.0, 7364)
  (12.0, 11.0, 7533)
  (12.0, 11.0, 7533)
  (12.0, 11.0, 7533)
  (12.0, 11.0, 7533)
  (12.0, 11.0, 7533)
  (12.0, 11.0, 7533)
  (12.0, 11.0, 7533)
  (12.0, 11.0, 7533)
  (12.0, 11.0, 7533)
  (12.0, 11.0, 7533)
  (12.0, 11.0, 7902)
  (12.0, 11.0, 7902)
  (12.0, 11.0, 7902)
  (12.0, 11.0, 7902)
  (12.0, 11.0, 7902)
  (12.0, 11.0, 7902)
  (12.0, 11.0, 7902)
  (12.0, 11.0, 7902)
  (12.0, 11.0, 7902)
  (12.0, 11.0, 7902)
  (12.0, 11.0, 7902)
  (12.0, 11.0, 7902)
  (12.0, 11.0, 8064)
  (12.0, 11.0, 8064)
  (12.0, 11.0, 8064)
  (12.0, 11.0, 8064)
  (12.0, 11.0, 8064)
  (12.0, 11.0, 8064)
  (12.0, 11.0, 8400)
  (12.0, 11.0, 8528)
  (12.0, 11.0, 8528)
  (12.0, 11.0, 8528)
  (12.0, 11.0, 8528)
  (12.0, 11.0, 8528)
  (12.0, 11.0, 8528)
  (12.0, 11.0, 8528)
  (12.0, 11.0, 8528)
  (12.0, 11.0, 8528)
  (12.0, 11.0, 8528)
  (12.0, 11.0, 8653)
  (12.0, 11.0, 8653)
  (12.0, 11.0, 8653)
  (12.0, 11.0, 8653)
  (12.0, 11.0, 8653)
  (12.0, 11.0, 8653)
  (12.0, 11.0, 8653)
  (12.0, 11.0, 9423)
  (12.0, 11.0, 9423)
  (12.0, 11.0, 9423)
  (12.0, 11.0, 9423)
  (12.0, 11.0, 9423)
  (12.0, 11.0, 9423)
  (12.0, 11.0, 9423)
  (12.0, 11.0, 9423)
  (12.0, 11.0, 9423)
  (12.0, 11.0, 9423)
  (12.0, 11.0, 9423)
  (12.0, 11.0, 9575)
  (12.0, 11.0, 9575)
  (12.0, 11.0, 9575)
  (12.0, 11.0, 9575)
  (12.0, 11.0, 9575)
  (12.0, 11.0, 9575)
  (12.0, 11.0, 9575)
  (12.0, 11.0, 9587)
  (12.0, 11.0, 9587)
  (12.0, 11.0, 9587)
  (12.0, 11.0, 9587)
  (12.0, 11.0, 9587)
  (12.0, 11.0, 9587)
  (12.0, 11.0, 9587)
  (12.0, 12.0, 6950)
  (12.0, 12.0, 6950)
  (12.0, 12.0, 6950)
  (12.0, 12.0, 6950)
  (12.0, 12.0, 6950)
  (12.0, 12.0, 7769)
  (12.0, 12.0, 7769)
  (12.0, 12.0, 7769)
  (12.0, 12.0, 7769)
  (12.0, 12.0, 7769)
  (12.0, 12.0, 7769)
  (12.0, 12.0, 7769)
  (12.0, 12.0, 7769)
  (12.0, 12.0, 7769)
  (12.0, 12.0, 7769)
  (12.0, 12.0, 7825)
  (12.0, 12.0, 7825)
  (12.0, 12.0, 7825)
  (12.0, 12.0, 7825)
  (12.0, 12.0, 7825)
  (12.0, 12.0, 7825)
  (12.0, 13.0, 1096)
  (12.0, 13.0, 1096)
  (12.0, 13.0, 1096)
  (12.0, 13.0, 1096)
  (12.0, 13.0, 1096)
  (12.0, 13.0, 1096)
  (12.0, 13.0, 1096)
  (12.0, 13.0, 3818)
  (12.0, 13.0, 3818)
  (12.0, 13.0, 3818)
  (12.0, 13.0, 3818)
  (12.0, 13.0, 3818)
  (12.0, 13.0, 3818)
  (12.0, 13.0, 5180)
  (12.0, 13.0, 5180)
  (12.0, 13.0, 5180)
  (12.0, 13.0, 5180)
  (12.0, 13.0, 9019)
  (12.0, 13.0, 9019)
  (12.0, 13.0, 9019)
  (12.0, 13.0, 9019)
  (12.0, 13.0, 9019)
  (12.0, 13.0, 9019)
  (12.0, 13.0, 9019)
  (12.0, 13.0, 9019)
  (12.0, 13.0, 9019)
  (12.0, 13.0, 9019)
  (12.0, 13.0, 9019)
  (12.0, 14.0, 2533)
  (12.0, 14.0, 2533)
  (12.0, 14.0, 2533)
  (12.0, 14.0, 3189)
  (12.0, 14.0, 3189)
  (12.0, 14.0, 3189)
  (12.0, 14.0, 3189)
  (12.0, 14.0, 3189)
  (12.0, 14.0, 3189)
  (12.0, 14.0, 3895)
  (12.0, 14.0, 3895)
  (12.0, 14.0, 3895)
  (12.0, 14.0, 3895)
  (12.0, 14.0, 9734)
  (12.0, 14.0, 9734)
  (12.0, 14.0, 9734)
  (12.0, 16.0, 2728)
  (12.0, 16.0, 2728)
  (12.0, 16.0, 2728)
  (12.0, 16.0, 2728)
  (13.0, 9.0, 73)
  (13.0, 9.0, 73)
  (13.0, 9.0, 73)
  (13.0, 9.0, 73)
  (13.0, 9.0, 73)
  (13.0, 9.0, 73)
  (13.0, 9.0, 73)
  (13.0, 9.0, 73)
  (13.0, 10.0, 1736)
  (13.0, 10.0, 1736)
  (13.0, 10.0, 2066)
  (13.0, 10.0, 2066)
  (13.0, 10.0, 4265)
  (13.0, 10.0, 4328)
  (13.0, 10.0, 9094)
  (13.0, 11.0, 7945)
  (13.0, 11.0, 7945)
  (13.0, 12.0, 5031)
  (13.0, 12.0, 5031)
  (13.0, 12.0, 5031)
  (13.0, 12.0, 5031)
  (13.0, 12.0, 5031)
  (13.0, 13.0, 7307)
  (13.0, 13.0, 7307)
  (13.0, 13.0, 7307)
  (13.0, 13.0, 7307)
  (13.0, 13.0, 7307)
  (13.0, 14.0, 9450)
  (13.0, 14.0, 9450)
  (13.0, 14.0, 9450)
  (13.0, 14.0, 9450)
  (13.0, 14.0, 9450)
  (14.0, 10.0, 3840)
  (14.0, 10.0, 3840)
  (14.0, 10.0, 3840)
  (14.0, 10.0, 3840)
  (14.0, 10.0, 3840)
  (14.0, 10.0, 3840)
  (14.0, 10.0, 3840)
  (14.0, 10.0, 9596)
  (14.0, 10.0, 9596)
  (14.0, 10.0, 9596)
  (14.0, 10.0, 9596)
  (14.0, 10.0, 9596)
  (14.0, 10.0, 9596)
  (14.0, 11.0, 9005)
  (14.0, 11.0, 9005)
  (14.0, 12.0, 844)
  (14.0, 12.0, 844)
  (14.0, 12.0, 844)
  (14.0, 12.0, 844)
  (14.0, 12.0, 844)
  (14.0, 12.0, 844)
  (14.0, 12.0, 1324)
  (14.0, 12.0, 1324)
  (14.0, 12.0, 1324)
  (14.0, 12.0, 1324)
  (14.0, 12.0, 1324)
  (14.0, 12.0, 1324)
  (14.0, 12.0, 1324)
  (14.0, 12.0, 1324)
  (14.0, 12.0, 1488)
  (14.0, 12.0, 1488)
  (14.0, 12.0, 1488)
  (14.0, 12.0, 1488)
  (14.0, 12.0, 1488)
  (14.0, 12.0, 1488)
  (14.0, 12.0, 1488)
  (14.0, 12.0, 1488)
  (14.0, 12.0, 3093)
  (14.0, 12.0, 3093)
  (14.0, 12.0, 3455)
  (14.0, 12.0, 3455)
  (14.0, 12.0, 3455)
  (14.0, 12.0, 3455)
  (14.0, 12.0, 3455)
  (14.0, 12.0, 3455)
  (14.0, 12.0, 3455)
  (14.0, 12.0, 7497)
  (14.0, 13.0, 596)
  (14.0, 13.0, 4215)
  (14.0, 13.0, 4215)
  (14.0, 13.0, 4215)
  (14.0, 13.0, 7706)
  (14.0, 13.0, 7706)
  (14.0, 13.0, 7706)
  (14.0, 13.0, 7706)
  (14.0, 13.0, 7706)
  (14.0, 13.0, 7706)
  (14.0, 13.0, 7706)
  (14.0, 13.0, 7706)
  (14.0, 13.0, 7706)
  (14.0, 13.0, 7706)
  (14.0, 13.0, 7706)
  (14.0, 13.0, 7706)
  (14.0, 13.0, 7706)
  (14.0, 13.0, 7706)
  (14.0, 13.0, 7706)
  (14.0, 13.0, 7706)
  (14.0, 13.0, 7706)
  (14.0, 14.0, 7953)
  (14.0, 14.0, 7953)
  (14.0, 14.0, 7953)
  (14.0, 14.0, 7953)
  (14.0, 14.0, 7953)
  (14.0, 14.0, 7953)
  (14.0, 15.0, 8018)
  (14.0, 15.0, 8018)
  (14.0, 15.0, 8018)
  (14.0, 17.0, 627)
  (14.0, 17.0, 627)
  (14.0, 17.0, 2997)
  (14.0, 17.0, 4521)
  (14.0, 17.0, 4521)
  (14.0, 17.0, 7120)
  (14.0, 17.0, 7120)
  (14.0, 17.0, 7120)
  (14.0, 17.0, 7120)
  (14.0, 17.0, 8256)
  (14.0, 17.0, 8256)
  (14.0, 17.0, 8256)
  (14.0, 17.0, 8256)
  (14.0, 17.0, 8256)
  (15.0, 9.0, 4738)
  (15.0, 9.0, 4738)
  (15.0, 9.0, 4738)
  (15.0, 9.0, 4738)
  (15.0, 9.0, 4738)
  (15.0, 9.0, 4738)
  (15.0, 9.0, 4738)
  (15.0, 9.0, 4738)
  (15.0, 9.0, 4738)
  (15.0, 9.0, 4738)
  (15.0, 9.0, 4738)
  (15.0, 9.0, 4738)
  (15.0, 10.0, 593)
  (15.0, 10.0, 593)
  (15.0, 10.0, 593)
  (15.0, 10.0, 593)
  (15.0, 10.0, 593)
  (15.0, 10.0, 593)
  (15.0, 10.0, 593)
  (15.0, 10.0, 3310)
  (15.0, 10.0, 3310)
  (15.0, 10.0, 3310)
  (15.0, 10.0, 3310)
  (15.0, 10.0, 3310)
  (15.0, 10.0, 3310)
  (15.0, 10.0, 3310)
  (15.0, 10.0, 3310)
  (15.0, 10.0, 3310)
  (15.0, 10.0, 3310)
  (15.0, 10.0, 3310)
  (15.0, 10.0, 3310)
  (15.0, 10.0, 3310)
  (15.0, 10.0, 3310)
  (15.0, 10.0, 3310)
  (15.0, 10.0, 6587)
  (15.0, 10.0, 6587)
  (15.0, 10.0, 6587)
  (15.0, 10.0, 6587)
  (15.0, 10.0, 6587)
  (15.0, 10.0, 6587)
  (15.0, 10.0, 6587)
  (15.0, 10.0, 6587)
  (15.0, 10.0, 6587)
  (15.0, 10.0, 6587)
  (15.0, 10.0, 6587)
  (15.0, 10.0, 7257)
  (15.0, 10.0, 7257)
  (15.0, 10.0, 7257)
  (15.0, 10.0, 7257)
  (15.0, 10.0, 7257)
  (15.0, 10.0, 7257)
  (15.0, 10.0, 7257)
  (15.0, 10.0, 7257)
  (15.0, 10.0, 7257)
  (15.0, 10.0, 7257)
  (15.0, 10.0, 7257)
  (15.0, 10.0, 8120)
  (15.0, 10.0, 8724)
  (15.0, 10.0, 8724)
  (15.0, 10.0, 8724)
  (15.0, 10.0, 8724)
  (15.0, 10.0, 8724)
  (15.0, 10.0, 8724)
  (15.0, 10.0, 8724)
  (15.0, 10.0, 8724)
  (15.0, 10.0, 8724)
  (15.0, 10.0, 8724)
  (15.0, 10.0, 8724)
  (15.0, 10.0, 9456)
  (15.0, 10.0, 9456)
  (15.0, 10.0, 9456)
  (15.0, 10.0, 9456)
  (15.0, 10.0, 9456)
  (15.0, 10.0, 9456)
  (15.0, 10.0, 9456)
  (15.0, 10.0, 9456)
  (15.0, 10.0, 9456)
  (15.0, 10.0, 9456)
  (15.0, 11.0, 5329)
  (15.0, 11.0, 5329)
  (15.0, 11.0, 5329)
  (15.0, 11.0, 5329)
  (15.0, 11.0, 5329)
  (15.0, 11.0, 5329)
  (15.0, 11.0, 5329)
  (15.0, 11.0, 5329)
  (15.0, 11.0, 5329)
  (15.0, 11.0, 8349)
  (15.0, 11.0, 8349)
  (15.0, 12.0, 9535)
  (15.0, 12.0, 9535)
  (15.0, 12.0, 9535)
  (15.0, 12.0, 9535)
  (15.0, 12.0, 9535)
  (15.0, 12.0, 9535)
  (15.0, 12.0, 9535)
  (15.0, 12.0, 9535)
  (15.0, 12.0, 9535)
  (15.0, 13.0, 6687)
  (15.0, 13.0, 6857)
  (15.0, 13.0, 6857)
  (15.0, 13.0, 6857)
  (15.0, 13.0, 6857)
  (15.0, 13.0, 8071)
  (15.0, 13.0, 8071)
  (15.0, 13.0, 8071)
  (15.0, 13.0, 8071)
  (15.0, 13.0, 8866)
  (15.0, 13.0, 8866)
  (15.0, 15.0, 5279)
  (15.0, 15.0, 6858)
  (15.0, 15.0, 6858)
  (15.0, 16.0, 917)
  (15.0, 16.0, 948)
  (15.0, 16.0, 948)
  (15.0, 16.0, 948)
  (15.0, 16.0, 948)
  (15.0, 16.0, 997)
  (15.0, 16.0, 997)
  (15.0, 16.0, 2112)
  (15.0, 16.0, 2112)
  (15.0, 16.0, 2112)
  (15.0, 16.0, 2170)
  (15.0, 16.0, 2418)
  (15.0, 16.0, 2418)
  (15.0, 16.0, 3261)
  (15.0, 16.0, 3261)
  (15.0, 16.0, 3261)
  (15.0, 16.0, 4133)
  (15.0, 16.0, 4133)
  (15.0, 16.0, 4133)
  (15.0, 16.0, 4133)
  (15.0, 16.0, 4518)
  (15.0, 16.0, 4518)
  (15.0, 16.0, 4518)
  (15.0, 16.0, 4694)
  (15.0, 16.0, 5242)
  (15.0, 16.0, 5242)
  (15.0, 16.0, 5740)
  (15.0, 16.0, 5740)
  (15.0, 16.0, 6124)
  (15.0, 16.0, 6124)
  (15.0, 16.0, 6175)
  (15.0, 16.0, 6175)
  (15.0, 16.0, 7736)
  (15.0, 16.0, 8088)
  (15.0, 16.0, 8088)
  (15.0, 16.0, 8088)
  (15.0, 16.0, 9084)
  (15.0, 16.0, 9385)
  (15.0, 17.0, 1042)
  (15.0, 17.0, 1042)
  (15.0, 17.0, 1042)
  (15.0, 17.0, 1042)
  (16.0, 9.0, 7602)
  (16.0, 9.0, 7602)
  (16.0, 9.0, 7602)
  (16.0, 9.0, 7602)
  (16.0, 10.0, 4217)
  (16.0, 10.0, 4217)
  (16.0, 10.0, 4217)
  (16.0, 10.0, 4217)
  (16.0, 10.0, 4217)
  (16.0, 10.0, 4217)
  (16.0, 12.0, 6435)
  (16.0, 13.0, 483)
  (16.0, 13.0, 483)
  (16.0, 13.0, 483)
  (16.0, 13.0, 483)
  (16.0, 13.0, 483)
  (16.0, 13.0, 483)
  (16.0, 13.0, 483)
  (16.0, 13.0, 483)
  (16.0, 13.0, 483)
  (16.0, 13.0, 483)
  (16.0, 13.0, 483)
  (16.0, 13.0, 483)
  (16.0, 13.0, 483)
  (16.0, 13.0, 483)
  (16.0, 13.0, 483)
  (16.0, 13.0, 483)
  (16.0, 13.0, 483)
  (16.0, 13.0, 1154)
  (16.0, 13.0, 1154)
  (16.0, 13.0, 1154)
  (16.0, 13.0, 1154)
  (16.0, 13.0, 1154)
  (16.0, 13.0, 1154)
  (16.0, 13.0, 1154)
  (16.0, 13.0, 1154)
  (16.0, 13.0, 1154)
  (16.0, 13.0, 1154)
  (16.0, 13.0, 1154)
  (16.0, 13.0, 1154)
  (16.0, 13.0, 1154)
  (16.0, 13.0, 9674)
  (16.0, 14.0, 2268)
  (16.0, 14.0, 2268)
  (16.0, 14.0, 2268)
  (16.0, 14.0, 2791)
  (16.0, 14.0, 2791)
  (16.0, 14.0, 2791)
  (16.0, 14.0, 2791)
  (16.0, 14.0, 6430)
  (16.0, 14.0, 6524)
  (16.0, 14.0, 6524)
  (16.0, 14.0, 6524)
  (16.0, 14.0, 6524)
  (16.0, 14.0, 6926)
  (16.0, 14.0, 6926)
  (16.0, 14.0, 6926)
  (16.0, 14.0, 6926)
  (16.0, 14.0, 6926)
  (16.0, 14.0, 6926)
  (16.0, 14.0, 6926)
  (16.0, 14.0, 7003)
  (16.0, 14.0, 7003)
  (16.0, 14.0, 7003)
  (16.0, 14.0, 7251)
  (16.0, 14.0, 7251)
  (16.0, 14.0, 7251)
  (16.0, 14.0, 7251)
  (16.0, 14.0, 7251)
  (16.0, 14.0, 7886)
  (16.0, 14.0, 7886)
  (16.0, 14.0, 7886)
  (16.0, 14.0, 7886)
  (16.0, 14.0, 7886)
  (16.0, 14.0, 7886)
  (16.0, 14.0, 8346)
  (16.0, 14.0, 8346)
  (16.0, 14.0, 8346)
  (16.0, 14.0, 8950)
  (16.0, 14.0, 8950)
  (16.0, 14.0, 8950)
  (16.0, 14.0, 8950)
  (16.0, 14.0, 8950)
  (16.0, 14.0, 9160)
  (16.0, 14.0, 9160)
  (16.0, 15.0, 1023)
  (16.0, 15.0, 1279)
  (16.0, 15.0, 2432)
  (16.0, 15.0, 2432)
  (16.0, 15.0, 2432)
  (16.0, 15.0, 2432)
  (16.0, 15.0, 2432)
  (16.0, 15.0, 2432)
  (16.0, 15.0, 2432)
  (16.0, 15.0, 2432)
  (16.0, 15.0, 2432)
  (16.0, 15.0, 2432)
  (16.0, 15.0, 2432)
  (16.0, 15.0, 3087)
  (16.0, 15.0, 3087)
  (16.0, 15.0, 3087)
  (16.0, 15.0, 3087)
  (16.0, 15.0, 3087)
  (16.0, 15.0, 3087)
  (16.0, 15.0, 3087)
  (16.0, 15.0, 3551)
  (16.0, 15.0, 3551)
  (16.0, 15.0, 6629)
  (16.0, 15.0, 6629)
  (16.0, 15.0, 8882)
  (16.0, 16.0, 3996)
  (16.0, 16.0, 3996)
  (16.0, 16.0, 3996)
  (16.0, 16.0, 3996)
  (16.0, 16.0, 3996)
  (16.0, 16.0, 5919)
  (16.0, 16.0, 5919)
  (16.0, 16.0, 8438)
  (16.0, 16.0, 8438)
  (16.0, 17.0, 3360)
  (16.0, 17.0, 3360)
  (16.0, 17.0, 6958)
  (16.0, 17.0, 6958)
  (16.0, 17.0, 6958)
  (16.0, 17.0, 6958)
  (17.0, 9.0, 2460)
  (17.0, 9.0, 2460)
  (17.0, 9.0, 2460)
  (17.0, 9.0, 2460)
  (17.0, 9.0, 5401)
  (17.0, 9.0, 5401)
  (17.0, 9.0, 5401)
  (17.0, 9.0, 5401)
  (17.0, 9.0, 5401)
  (17.0, 11.0, 1999)
  (17.0, 11.0, 1999)
  (17.0, 11.0, 1999)
  (17.0, 11.0, 1999)
  (17.0, 11.0, 1999)
  (17.0, 13.0, 151)
  (17.0, 13.0, 151)
  (17.0, 13.0, 151)
  (17.0, 13.0, 151)
  (17.0, 13.0, 151)
  (17.0, 13.0, 151)
  (17.0, 13.0, 151)
  (17.0, 13.0, 151)
  (17.0, 13.0, 151)
  (17.0, 13.0, 151)
  (17.0, 13.0, 1347)
  (17.0, 13.0, 1347)
  (17.0, 13.0, 4041)
  (17.0, 13.0, 4041)
  (17.0, 13.0, 4041)
  (17.0, 13.0, 4041)
  (17.0, 13.0, 4041)
  (17.0, 14.0, 6765)
  (17.0, 15.0, 2071)
  (17.0, 15.0, 2071)
  (17.0, 15.0, 4223)
  (17.0, 15.0, 4223)
  (17.0, 15.0, 8486)
  (17.0, 15.0, 8486)
  (17.0, 15.0, 8486)
  (17.0, 15.0, 8486)
  (17.0, 15.0, 8486)
  (17.0, 15.0, 8486)
  (17.0, 15.0, 8486)
  (17.0, 15.0, 9735)
  (17.0, 15.0, 9735)
  (17.0, 16.0, 2296)
  (17.0, 16.0, 2296)
  (17.0, 16.0, 2296)
  (17.0, 16.0, 3399)
  (17.0, 16.0, 3399)
  (17.0, 16.0, 3399)
  (17.0, 16.0, 3399)
  (17.0, 16.0, 5762)
  (17.0, 16.0, 5762)
  (17.0, 16.0, 6905)
  (17.0, 16.0, 6905)
  (17.0, 16.0, 6905)
  (17.0, 17.0, 124)
  (17.0, 17.0, 124)
  (17.0, 17.0, 124)
  (17.0, 17.0, 124)
  (17.0, 17.0, 124)
  (17.0, 17.0, 124)
  (17.0, 17.0, 6378)
  (17.0, 17.0, 6378)
  (17.0, 17.0, 6378)
  (17.0, 17.0, 6378)
  (17.0, 17.0, 6378)
  (17.0, 17.0, 6378)
  (17.0, 17.0, 6378)
  (17.0, 17.0, 6378)
  (17.0, 17.0, 6378)
  (17.0, 17.0, 6378)
  (17.0, 17.0, 6378)
  (17.0, 17.0, 6378)
  (17.0, 17.0, 6378)
  (17.0, 17.0, 9717)
  (17.0, 17.0, 9717)
  (17.0, 17.0, 9717)
  (17.0, 17.0, 9717)
  (17.0, 17.0, 9717)
  (17.0, 17.0, 9717)
  (17.0, 17.0, 9717)
  (17.0, 17.0, 9717)
  (17.0, 17.0, 9717)
  (17.0, 17.0, 9717)
  (17.0, 17.0, 9717)
  (17.0, 17.0, 9717)
  (17.0, 17.0, 9717)
  (17.0, 17.0, 9717)

區間: 長 [8, 17], 寬 [18, 27]
  (15.0, 18.0, 7327)
  (16.0, 19.0, 6369)
  (16.0, 19.0, 6369)
  (16.0, 19.0, 6369)
  (16.0, 19.0, 6369)
  (16.0, 22.0, 3493)
  (16.0, 22.0, 3493)
  (16.0, 22.0, 3493)
  (16.0, 22.0, 3493)
  (16.0, 22.0, 3493)
  (16.0, 22.0, 3493)
  (16.0, 22.0, 3493)
  (16.0, 22.0, 3493)
  (16.0, 22.0, 3493)
  (16.0, 22.0, 3493)
  (16.0, 22.0, 3493)
  (16.0, 22.0, 3493)
  (16.0, 22.0, 3493)
  (16.0, 22.0, 3493)
  (16.0, 27.0, 5130)
  (16.0, 27.0, 5130)
  (16.0, 27.0, 5130)
  (16.0, 27.0, 5130)
  (16.0, 27.0, 5130)
  (16.0, 27.0, 5130)
  (16.0, 27.0, 5130)
  (16.0, 27.0, 5130)
  (17.0, 19.0, 5682)
  (17.0, 19.0, 5682)
  (17.0, 19.0, 5682)
  (17.0, 19.0, 5682)
  (17.0, 19.0, 5682)
  (17.0, 19.0, 5682)
  (17.0, 19.0, 5682)
  (17.0, 19.0, 5682)
  (17.0, 19.0, 8899)
  (17.0, 19.0, 8899)
  (17.0, 23.0, 3384)
  (17.0, 23.0, 3384)
  (17.0, 23.0, 3384)
  (17.0, 23.0, 3384)
  (17.0, 23.0, 3384)
  (17.0, 23.0, 3384)
  (17.0, 23.0, 3384)
  (17.0, 23.0, 3384)
  (17.0, 23.0, 3384)
  (17.0, 23.0, 3384)
  (17.0, 23.0, 3384)
  (17.0, 23.0, 6341)
  (17.0, 23.0, 6341)
  (17.0, 23.0, 6341)
  (17.0, 23.0, 6341)
  (17.0, 23.0, 6341)
  (17.0, 23.0, 6341)
  (17.0, 23.0, 6341)
  (17.0, 23.0, 7030)
  (17.0, 23.0, 7030)
  (17.0, 23.0, 7030)
  (17.0, 23.0, 7030)
  (17.0, 23.0, 7030)
  (17.0, 23.0, 7030)
  (17.0, 23.0, 7030)
  (17.0, 23.0, 7030)
  (17.0, 23.0, 7030)
  (17.0, 23.0, 7030)
  (17.0, 23.0, 7864)
  (17.0, 23.0, 7864)
  (17.0, 23.0, 7864)
  (17.0, 23.0, 7864)
  (17.0, 23.0, 7864)
  (17.0, 23.0, 7864)
  (17.0, 23.0, 7864)
  (17.0, 23.0, 7864)
  (17.0, 23.0, 7864)
  (17.0, 23.0, 7864)
  (17.0, 23.0, 8072)
  (17.0, 23.0, 8072)
  (17.0, 23.0, 8072)
  (17.0, 23.0, 8072)
  (17.0, 23.0, 8072)
  (17.0, 23.0, 8072)
  (17.0, 23.0, 8829)
  (17.0, 23.0, 8829)
  (17.0, 23.0, 8829)
  (17.0, 23.0, 8829)
  (17.0, 23.0, 8829)
  (17.0, 23.0, 8829)
  (17.0, 23.0, 8829)
  (17.0, 23.0, 8829)
  (17.0, 23.0, 8829)
  (17.0, 23.0, 8829)

區間: 長 [8, 17], 寬 [28, 37]
  (16.0, 36.0, 7294)
  (16.0, 36.0, 7294)

區間: 長 [18, 27], 寬 [8, 17]
  (18.0, 9.0, 1628)
  (18.0, 9.0, 1628)
  (18.0, 9.0, 1628)
  (18.0, 9.0, 1628)
  (18.0, 9.0, 1628)
  (18.0, 9.0, 1628)
  (18.0, 11.0, 1812)
  (18.0, 11.0, 1812)
  (18.0, 11.0, 1812)
  (18.0, 11.0, 1812)
  (18.0, 12.0, 811)
  (18.0, 12.0, 811)
  (18.0, 12.0, 811)
  (18.0, 12.0, 2198)
  (18.0, 12.0, 2198)
  (18.0, 12.0, 2198)
  (18.0, 12.0, 2198)
  (18.0, 12.0, 2198)
  (18.0, 12.0, 2198)
  (18.0, 15.0, 8204)
  (18.0, 15.0, 8204)
  (18.0, 15.0, 8204)
  (18.0, 16.0, 976)
  (18.0, 16.0, 976)
  (18.0, 16.0, 976)
  (18.0, 16.0, 1850)
  (18.0, 16.0, 1850)
  (18.0, 16.0, 1850)
  (18.0, 16.0, 2023)
  (18.0, 16.0, 2023)
  (19.0, 14.0, 43)
  (19.0, 14.0, 43)
  (19.0, 14.0, 2056)
  (19.0, 14.0, 2056)
  (19.0, 14.0, 2056)
  (19.0, 14.0, 2056)
  (19.0, 14.0, 2056)
  (19.0, 14.0, 2056)
  (19.0, 14.0, 2056)
  (19.0, 14.0, 2056)
  (19.0, 14.0, 2056)
  (19.0, 14.0, 2056)
  (19.0, 14.0, 2056)
  (19.0, 14.0, 2056)
  (19.0, 14.0, 2056)
  (19.0, 14.0, 4819)
  (19.0, 14.0, 4819)
  (19.0, 14.0, 8369)
  (19.0, 14.0, 8369)
  (19.0, 15.0, 6964)
  (19.0, 15.0, 6964)
  (19.0, 17.0, 2212)
  (19.0, 17.0, 2212)
  (19.0, 17.0, 2212)
  (19.0, 17.0, 2330)
  (20.0, 9.0, 1975)
  (20.0, 9.0, 1975)
  (20.0, 9.0, 1975)
  (20.0, 9.0, 1975)
  (20.0, 11.0, 6606)
  (20.0, 11.0, 6606)
  (20.0, 11.0, 6606)
  (20.0, 11.0, 6606)
  (20.0, 12.0, 1472)
  (20.0, 14.0, 555)
  (20.0, 14.0, 555)
  (20.0, 14.0, 555)
  (20.0, 14.0, 555)
  (20.0, 14.0, 555)
  (20.0, 14.0, 848)
  (20.0, 14.0, 848)
  (20.0, 14.0, 848)
  (20.0, 14.0, 2537)
  (20.0, 14.0, 2537)
  (20.0, 14.0, 2537)
  (20.0, 14.0, 2537)
  (20.0, 14.0, 2537)
  (20.0, 14.0, 2537)
  (20.0, 14.0, 2537)
  (20.0, 14.0, 2537)
  (20.0, 14.0, 2925)
  (20.0, 14.0, 2925)
  (20.0, 14.0, 2925)
  (20.0, 14.0, 2925)
  (20.0, 14.0, 2925)
  (20.0, 15.0, 888)
  (20.0, 15.0, 888)
  (20.0, 15.0, 1595)
  (20.0, 15.0, 2596)
  (20.0, 15.0, 2596)
  (20.0, 15.0, 2596)
  (20.0, 16.0, 1379)
  (20.0, 16.0, 1463)
  (20.0, 16.0, 1463)
  (20.0, 16.0, 1463)
  (20.0, 16.0, 1463)
  (20.0, 16.0, 1463)
  (20.0, 16.0, 1463)
  (20.0, 16.0, 1463)
  (20.0, 16.0, 1463)
  (20.0, 16.0, 1463)
  (20.0, 16.0, 1463)
  (20.0, 16.0, 1463)
  (20.0, 16.0, 1463)
  (20.0, 16.0, 1463)
  (20.0, 16.0, 1463)
  (20.0, 16.0, 1463)
  (20.0, 16.0, 1463)
  (20.0, 16.0, 2723)
  (20.0, 16.0, 2723)
  (20.0, 16.0, 2723)
  (20.0, 16.0, 2723)
  (20.0, 16.0, 2723)
  (20.0, 16.0, 2723)
  (20.0, 16.0, 2723)
  (20.0, 16.0, 2723)
  (20.0, 16.0, 2723)
  (20.0, 16.0, 2723)
  (20.0, 16.0, 2723)
  (20.0, 16.0, 2723)
  (20.0, 16.0, 2723)
  (20.0, 16.0, 2723)
  (20.0, 16.0, 2723)
  (20.0, 16.0, 2723)
  (20.0, 16.0, 2723)
  (20.0, 16.0, 2723)
  (20.0, 16.0, 2723)
  (20.0, 16.0, 2723)
  (20.0, 16.0, 2723)
  (20.0, 16.0, 2723)
  (20.0, 16.0, 2723)
  (20.0, 16.0, 2723)
  (20.0, 16.0, 5617)
  (20.0, 16.0, 5617)
  (20.0, 16.0, 5617)
  (20.0, 16.0, 5617)
  (20.0, 16.0, 5617)
  (20.0, 16.0, 5617)
  (20.0, 16.0, 5617)
  (20.0, 16.0, 5617)
  (20.0, 16.0, 5617)
  (20.0, 16.0, 5617)
  (20.0, 16.0, 5617)
  (20.0, 16.0, 5617)
  (20.0, 17.0, 5585)
  (20.0, 17.0, 5585)
  (21.0, 10.0, 2224)
  (21.0, 10.0, 2224)
  (21.0, 10.0, 2224)
  (21.0, 10.0, 2224)
  (21.0, 10.0, 2224)
  (21.0, 12.0, 5096)
  (21.0, 12.0, 5096)
  (21.0, 12.0, 5096)
  (21.0, 12.0, 5096)
  (21.0, 14.0, 1248)
  (21.0, 14.0, 1248)
  (21.0, 14.0, 1248)
  (21.0, 14.0, 1248)
  (21.0, 14.0, 1248)
  (21.0, 16.0, 944)
  (21.0, 16.0, 944)
  (21.0, 16.0, 944)
  (21.0, 16.0, 944)
  (21.0, 16.0, 1365)
  (21.0, 16.0, 1365)
  (21.0, 16.0, 2851)
  (21.0, 16.0, 2851)
  (21.0, 16.0, 3681)
  (21.0, 16.0, 3681)
  (21.0, 16.0, 3681)
  (21.0, 16.0, 8203)
  (21.0, 16.0, 8203)
  (21.0, 16.0, 8203)
  (22.0, 12.0, 6048)
  (22.0, 12.0, 6048)
  (22.0, 14.0, 1551)
  (22.0, 14.0, 1551)
  (22.0, 16.0, 2613)
  (22.0, 16.0, 2613)
  (22.0, 16.0, 2613)
  (22.0, 16.0, 2613)
  (22.0, 16.0, 2613)
  (22.0, 16.0, 9110)
  (22.0, 16.0, 9110)
  (22.0, 16.0, 9110)
  (22.0, 16.0, 9110)
  (23.0, 15.0, 5734)
  (23.0, 15.0, 5734)
  (23.0, 16.0, 1079)
  (23.0, 16.0, 1079)
  (23.0, 16.0, 1079)
  (23.0, 16.0, 1079)
  (23.0, 16.0, 5757)
  (23.0, 16.0, 5757)
  (23.0, 16.0, 5757)
  (23.0, 16.0, 5757)
  (23.0, 16.0, 7329)
  (23.0, 16.0, 7329)
  (24.0, 13.0, 8831)
  (24.0, 16.0, 8832)
  (24.0, 16.0, 8832)
  (24.0, 16.0, 8832)
  (24.0, 16.0, 9163)
  (24.0, 16.0, 9163)
  (24.0, 16.0, 9163)
  (24.0, 16.0, 9163)
  (24.0, 16.0, 9163)
  (24.0, 16.0, 9163)
  (24.0, 16.0, 9163)
  (24.0, 17.0, 1746)
  (24.0, 17.0, 1746)
  (24.0, 17.0, 1746)
  (24.0, 17.0, 5400)
  (24.0, 17.0, 6421)
  (24.0, 17.0, 6421)
  (24.0, 17.0, 6421)
  (24.0, 17.0, 6421)
  (24.0, 17.0, 6421)
  (25.0, 12.0, 2796)
  (25.0, 12.0, 2796)
  (25.0, 13.0, 326)
  (25.0, 13.0, 326)
  (25.0, 13.0, 326)
  (25.0, 16.0, 7740)
  (25.0, 17.0, 829)
  (25.0, 17.0, 829)
  (25.0, 17.0, 829)
  (25.0, 17.0, 829)
  (25.0, 17.0, 829)
  (25.0, 17.0, 829)
  (25.0, 17.0, 829)
  (25.0, 17.0, 829)
  (25.0, 17.0, 829)
  (25.0, 17.0, 829)
  (25.0, 17.0, 829)
  (25.0, 17.0, 829)
  (25.0, 17.0, 829)
  (25.0, 17.0, 829)
  (25.0, 17.0, 829)
  (26.0, 11.0, 7020)
  (26.0, 11.0, 7020)
  (26.0, 16.0, 6090)
  (26.0, 16.0, 6090)
  (27.0, 16.0, 2097)
  (27.0, 16.0, 2097)
  (27.0, 16.0, 2097)
  (27.0, 16.0, 2097)

區間: 長 [18, 27], 寬 [18, 27]
  (18.0, 18.0, 2267)
  (18.0, 18.0, 2267)
  (18.0, 18.0, 2267)
  (18.0, 18.0, 9128)
  (18.0, 18.0, 9128)
  (18.0, 19.0, 2626)
  (18.0, 19.0, 2626)
  (18.0, 19.0, 2626)
  (18.0, 19.0, 2626)
  (19.0, 18.0, 4010)
  (19.0, 18.0, 4010)
  (19.0, 18.0, 4010)
  (19.0, 18.0, 4010)
  (19.0, 19.0, 8773)
  (19.0, 19.0, 8773)
  (19.0, 19.0, 8773)
  (19.0, 19.0, 8773)
  (19.0, 19.0, 8773)
  (19.0, 20.0, 4768)
  (19.0, 20.0, 4768)
  (19.0, 20.0, 4768)
  (19.0, 20.0, 4768)
  (19.0, 23.0, 4566)
  (19.0, 23.0, 4566)
  (19.0, 23.0, 4566)
  (19.0, 23.0, 4566)
  (19.0, 24.0, 7617)
  (19.0, 24.0, 7617)
  (19.0, 24.0, 7617)
  (19.0, 24.0, 7617)
  (19.0, 24.0, 8538)
  (19.0, 24.0, 8538)
  (19.0, 24.0, 8538)
  (20.0, 18.0, 7365)
  (20.0, 19.0, 6047)
  (20.0, 19.0, 6047)
  (20.0, 19.0, 6047)
  (20.0, 19.0, 6047)
  (20.0, 19.0, 6047)
  (20.0, 23.0, 7768)
  (20.0, 23.0, 7768)
  (20.0, 24.0, 515)
  (20.0, 24.0, 515)
  (20.0, 24.0, 515)
  (20.0, 24.0, 515)
  (20.0, 26.0, 6321)
  (20.0, 26.0, 6321)
  (20.0, 26.0, 6321)
  (21.0, 18.0, 1881)
  (21.0, 18.0, 1881)
  (21.0, 18.0, 1881)
  (21.0, 18.0, 1881)
  (21.0, 18.0, 4537)
  (21.0, 18.0, 4537)
  (21.0, 18.0, 4537)
  (21.0, 18.0, 4537)
  (21.0, 18.0, 4537)
  (21.0, 18.0, 4537)
  (21.0, 18.0, 4537)
  (21.0, 18.0, 4537)
  (21.0, 18.0, 5828)
  (21.0, 18.0, 5828)
  (21.0, 18.0, 5828)
  (21.0, 18.0, 5828)
  (21.0, 18.0, 5828)
  (21.0, 18.0, 5828)
  (21.0, 18.0, 5828)
  (21.0, 19.0, 5207)
  (21.0, 19.0, 5207)
  (21.0, 19.0, 5207)
  (21.0, 20.0, 7514)
  (21.0, 20.0, 7514)
  (21.0, 27.0, 11)
  (21.0, 27.0, 11)
  (21.0, 27.0, 11)
  (21.0, 27.0, 11)
  (21.0, 27.0, 7080)
  (21.0, 27.0, 7080)
  (21.0, 27.0, 7080)
  (21.0, 27.0, 8953)
  (22.0, 18.0, 4125)
  (22.0, 18.0, 4125)
  (22.0, 18.0, 4125)
  (22.0, 18.0, 4125)
  (22.0, 18.0, 4125)
  (22.0, 18.0, 4125)
  (22.0, 18.0, 4125)
  (22.0, 18.0, 5303)
  (22.0, 18.0, 5303)
  (22.0, 18.0, 5303)
  (22.0, 18.0, 5303)
  (22.0, 18.0, 5303)
  (22.0, 18.0, 5303)
  (22.0, 18.0, 5303)
  (22.0, 19.0, 1633)
  (22.0, 20.0, 245)
  (22.0, 20.0, 245)
  (22.0, 20.0, 245)
  (22.0, 20.0, 879)
  (22.0, 20.0, 879)
  (22.0, 20.0, 879)
  (22.0, 20.0, 879)
  (22.0, 20.0, 5159)
  (22.0, 20.0, 5159)
  (22.0, 20.0, 5159)
  (22.0, 20.0, 5159)
  (22.0, 20.0, 5159)
  (22.0, 20.0, 5159)
  (22.0, 20.0, 5159)
  (22.0, 20.0, 7050)
  (22.0, 20.0, 7050)
  (22.0, 20.0, 7050)
  (22.0, 20.0, 7050)
  (22.0, 20.0, 7050)
  (22.0, 20.0, 7050)
  (22.0, 20.0, 8089)
  (22.0, 20.0, 8089)
  (22.0, 20.0, 8089)
  (22.0, 21.0, 3031)
  (22.0, 21.0, 3031)
  (22.0, 21.0, 3031)
  (22.0, 21.0, 3031)
  (22.0, 23.0, 6848)
  (22.0, 23.0, 6848)
  (22.0, 23.0, 6848)
  (22.0, 23.0, 6848)
  (22.0, 23.0, 6848)
  (22.0, 23.0, 6848)
  (22.0, 23.0, 9397)
  (22.0, 23.0, 9397)
  (22.0, 23.0, 9397)
  (22.0, 23.0, 9397)
  (22.0, 25.0, 9671)
  (22.0, 25.0, 9671)
  (22.0, 25.0, 9671)
  (22.0, 25.0, 9671)
  (22.0, 25.0, 9671)
  (22.0, 25.0, 9671)
  (23.0, 18.0, 1949)
  (23.0, 21.0, 3749)
  (23.0, 21.0, 3749)
  (23.0, 21.0, 3953)
  (23.0, 23.0, 6248)
  (23.0, 23.0, 6248)
  (23.0, 23.0, 6248)
  (23.0, 23.0, 6248)
  (23.0, 23.0, 6248)
  (23.0, 23.0, 6248)
  (23.0, 23.0, 6248)
  (23.0, 25.0, 897)
  (23.0, 25.0, 2883)
  (23.0, 25.0, 3671)
  (23.0, 25.0, 3671)
  (23.0, 25.0, 3671)
  (23.0, 25.0, 3671)
  (24.0, 18.0, 3978)
  (24.0, 18.0, 3978)
  (24.0, 18.0, 3978)
  (24.0, 18.0, 4822)
  (24.0, 18.0, 4822)
  (24.0, 18.0, 4822)
  (24.0, 18.0, 4822)
  (24.0, 19.0, 3196)
  (24.0, 19.0, 3196)
  (24.0, 19.0, 3196)
  (24.0, 19.0, 3196)
  (24.0, 19.0, 8045)
  (24.0, 19.0, 8045)
  (24.0, 19.0, 8045)
  (24.0, 20.0, 4438)
  (24.0, 20.0, 4438)
  (24.0, 21.0, 6906)
  (24.0, 21.0, 6906)
  (24.0, 24.0, 2159)
  (24.0, 24.0, 2159)
  (24.0, 24.0, 6359)
  (24.0, 24.0, 6359)
  (24.0, 24.0, 6359)
  (24.0, 24.0, 6359)
  (24.0, 24.0, 6519)
  (24.0, 24.0, 6519)
  (24.0, 24.0, 6519)
  (24.0, 24.0, 6519)
  (25.0, 21.0, 544)
  (25.0, 21.0, 544)
  (25.0, 21.0, 544)
  (25.0, 22.0, 1420)
  (25.0, 22.0, 1420)
  (25.0, 22.0, 1420)
  (25.0, 22.0, 1420)
  (25.0, 22.0, 1454)
  (25.0, 22.0, 1454)
  (25.0, 22.0, 1454)
  (25.0, 22.0, 1454)
  (25.0, 22.0, 1454)
  (25.0, 22.0, 1454)
  (25.0, 22.0, 1454)
  (25.0, 22.0, 1454)
  (25.0, 22.0, 1454)
  (25.0, 22.0, 1454)
  (25.0, 22.0, 5047)
  (25.0, 22.0, 5047)
  (25.0, 22.0, 8275)
  (25.0, 22.0, 8275)
  (25.0, 25.0, 7522)
  (25.0, 25.0, 7522)
  (25.0, 25.0, 7522)
  (25.0, 25.0, 7644)
  (25.0, 25.0, 7644)
  (25.0, 25.0, 7644)
  (25.0, 25.0, 7644)
  (25.0, 26.0, 3765)
  (25.0, 26.0, 3765)
  (25.0, 26.0, 3765)
  (25.0, 26.0, 3765)
  (25.0, 26.0, 3765)
  (26.0, 19.0, 1897)
  (26.0, 19.0, 1897)
  (26.0, 22.0, 9459)
  (26.0, 24.0, 9626)
  (26.0, 26.0, 9244)
  (26.0, 26.0, 9244)
  (26.0, 26.0, 9244)
  (27.0, 18.0, 7478)
  (27.0, 18.0, 7478)
  (27.0, 18.0, 7478)
  (27.0, 18.0, 7478)
  (27.0, 18.0, 7478)
  (27.0, 18.0, 7478)
  (27.0, 18.0, 7478)
  (27.0, 19.0, 5445)
  (27.0, 19.0, 5445)
  (27.0, 19.0, 5445)
  (27.0, 19.0, 5445)
  (27.0, 19.0, 5445)
  (27.0, 19.0, 5445)
  (27.0, 20.0, 6059)
  (27.0, 20.0, 6743)
  (27.0, 20.0, 6743)
  (27.0, 20.0, 8580)
  (27.0, 20.0, 8580)
  (27.0, 20.0, 8580)
  (27.0, 20.0, 8580)
  (27.0, 25.0, 2250)
  (27.0, 25.0, 2250)
  (27.0, 25.0, 2250)
  (27.0, 25.0, 2250)
  (27.0, 25.0, 2250)
  (27.0, 25.0, 2250)
  (27.0, 25.0, 2250)
  (27.0, 25.0, 2250)
  (27.0, 25.0, 2250)
  (27.0, 25.0, 2250)
  (27.0, 25.0, 2250)
  (27.0, 25.0, 2250)
  (27.0, 25.0, 2250)
  (27.0, 25.0, 2250)
  (27.0, 25.0, 2250)
  (27.0, 25.0, 2250)
  (27.0, 25.0, 2250)
  (27.0, 25.0, 2250)
  (27.0, 25.0, 2250)
  (27.0, 25.0, 2250)
  (27.0, 25.0, 2250)
  (27.0, 25.0, 2250)
  (27.0, 25.0, 2250)
  (27.0, 25.0, 2250)
  (27.0, 25.0, 2250)
  (27.0, 25.0, 2250)
  (27.0, 25.0, 2250)
  (27.0, 25.0, 2250)
  (27.0, 25.0, 2250)
  (27.0, 25.0, 2250)
  (27.0, 25.0, 2250)
  (27.0, 25.0, 2250)
  (27.0, 25.0, 2250)
  (27.0, 25.0, 2250)
  (27.0, 25.0, 2250)
  (27.0, 25.0, 2250)
  (27.0, 25.0, 2250)
  (27.0, 25.0, 2250)
  (27.0, 25.0, 2250)
  (27.0, 25.0, 2250)
  (27.0, 25.0, 2250)
  (27.0, 25.0, 2250)
  (27.0, 25.0, 2250)
  (27.0, 25.0, 2250)
  (27.0, 25.0, 2250)
  (27.0, 25.0, 2250)
  (27.0, 25.0, 2250)
  (27.0, 25.0, 2250)
  (27.0, 25.0, 2250)
  (27.0, 25.0, 2250)
  (27.0, 25.0, 2250)
  (27.0, 25.0, 2250)
  (27.0, 25.0, 2250)
  (27.0, 25.0, 2250)
  (27.0, 25.0, 2250)
  (27.0, 25.0, 2250)
  (27.0, 25.0, 2250)
  (27.0, 25.0, 2250)
  (27.0, 25.0, 2250)
  (27.0, 25.0, 2250)
  (27.0, 25.0, 2250)
  (27.0, 25.0, 2250)
  (27.0, 25.0, 2250)

區間: 長 [18, 27], 寬 [28, 37]
  (22.0, 29.0, 4541)
  (24.0, 37.0, 7529)
  (24.0, 37.0, 7529)
  (24.0, 37.0, 7529)
  (25.0, 36.0, 6752)
  (25.0, 36.0, 6752)
  (25.0, 36.0, 6752)
  (25.0, 36.0, 6752)
  (26.0, 31.0, 1106)
  (26.0, 31.0, 1106)
  (26.0, 31.0, 1106)
  (26.0, 31.0, 1106)
  (27.0, 35.0, 8524)
  (27.0, 35.0, 8524)
  (27.0, 35.0, 8524)
  (27.0, 35.0, 8524)
  (27.0, 35.0, 8524)

區間: 長 [28, 37], 寬 [8, 17]
  (28.0, 12.0, 2971)
  (28.0, 12.0, 2971)
  (28.0, 12.0, 2971)
  (28.0, 12.0, 2971)
  (28.0, 12.0, 2971)
  (28.0, 12.0, 2971)
  (28.0, 15.0, 8289)
  (28.0, 15.0, 8289)
  (29.0, 12.0, 4812)
  (29.0, 12.0, 4812)
  (29.0, 12.0, 4812)
  (29.0, 12.0, 4812)
  (29.0, 14.0, 3199)
  (29.0, 14.0, 3199)
  (29.0, 14.0, 3199)
  (30.0, 14.0, 5482)
  (30.0, 15.0, 1998)
  (30.0, 15.0, 1998)
  (30.0, 17.0, 5826)
  (30.0, 17.0, 5826)
  (30.0, 17.0, 5826)
  (30.0, 17.0, 5826)
  (31.0, 16.0, 5529)
  (31.0, 16.0, 5529)
  (32.0, 14.0, 7977)
  (32.0, 14.0, 7977)
  (32.0, 14.0, 7977)
  (32.0, 14.0, 8582)
  (32.0, 14.0, 8582)
  (33.0, 14.0, 9318)
  (33.0, 14.0, 9318)
  (33.0, 14.0, 9318)
  (34.0, 13.0, 3300)
  (35.0, 15.0, 4986)
  (35.0, 15.0, 4986)

區間: 長 [28, 37], 寬 [18, 27]
  (28.0, 19.0, 8774)
  (28.0, 19.0, 8774)
  (28.0, 19.0, 8774)
  (28.0, 22.0, 8011)
  (28.0, 22.0, 8011)
  (28.0, 22.0, 8011)
  (28.0, 22.0, 8011)
  (28.0, 22.0, 8011)
  (28.0, 22.0, 8011)
  (28.0, 22.0, 8011)
  (28.0, 25.0, 5898)
  (28.0, 25.0, 5898)
  (28.0, 25.0, 5898)
  (28.0, 26.0, 7587)
  (28.0, 26.0, 7587)
  (28.0, 26.0, 7587)
  (28.0, 26.0, 7587)
  (28.0, 26.0, 7587)
  (28.0, 26.0, 7587)
  (28.0, 26.0, 7587)
  (28.0, 26.0, 7587)
  (28.0, 26.0, 7587)
  (28.0, 26.0, 7587)
  (28.0, 26.0, 7587)
  (28.0, 26.0, 7587)
  (28.0, 26.0, 7587)
  (28.0, 26.0, 7587)
  (28.0, 26.0, 7587)
  (28.0, 26.0, 7587)
  (28.0, 26.0, 7587)
  (28.0, 26.0, 7587)
  (28.0, 26.0, 7587)
  (28.0, 26.0, 7587)
  (28.0, 26.0, 7652)
  (28.0, 26.0, 7652)
  (28.0, 26.0, 7652)
  (28.0, 26.0, 7652)
  (28.0, 26.0, 7652)
  (28.0, 26.0, 7652)
  (28.0, 26.0, 7652)
  (28.0, 26.0, 7652)
  (28.0, 26.0, 7652)
  (28.0, 26.0, 7652)
  (28.0, 26.0, 7652)
  (28.0, 26.0, 7652)
  (28.0, 26.0, 7652)
  (28.0, 26.0, 7652)
  (28.0, 26.0, 7652)
  (28.0, 26.0, 7652)
  (28.0, 26.0, 7652)
  (28.0, 26.0, 7652)
  (28.0, 26.0, 7652)
  (28.0, 26.0, 7652)
  (28.0, 26.0, 7652)
  (28.0, 26.0, 7652)
  (28.0, 26.0, 7652)
  (28.0, 26.0, 7652)
  (28.0, 27.0, 9333)
  (28.0, 27.0, 9333)
  (28.0, 27.0, 9333)
  (28.0, 27.0, 9333)
  (28.0, 27.0, 9333)
  (29.0, 21.0, 3912)
  (29.0, 21.0, 4575)
  (29.0, 21.0, 7924)
  (29.0, 23.0, 5045)
  (29.0, 23.0, 5045)
  (29.0, 23.0, 5045)
  (29.0, 23.0, 5045)
  (29.0, 23.0, 8548)
  (29.0, 24.0, 8022)
  (29.0, 24.0, 8022)
  (29.0, 24.0, 8022)
  (29.0, 24.0, 8022)
  (29.0, 24.0, 8022)
  (29.0, 25.0, 8373)
  (29.0, 25.0, 8373)
  (29.0, 27.0, 5892)
  (29.0, 27.0, 5892)
  (29.0, 27.0, 5892)
  (30.0, 20.0, 5139)
  (30.0, 22.0, 4020)
  (30.0, 22.0, 4020)
  (30.0, 22.0, 4020)
  (30.0, 22.0, 4020)
  (30.0, 22.0, 4020)
  (30.0, 22.0, 4020)
  (31.0, 21.0, 7475)
  (31.0, 21.0, 7475)
  (31.0, 21.0, 7475)
  (31.0, 21.0, 7475)
  (31.0, 21.0, 7475)
  (31.0, 21.0, 7475)
  (31.0, 21.0, 7475)
  (31.0, 22.0, 2297)
  (31.0, 22.0, 2297)
  (31.0, 22.0, 2297)
  (31.0, 22.0, 2297)
  (31.0, 22.0, 2297)
  (31.0, 22.0, 2297)
  (31.0, 22.0, 8843)
  (31.0, 22.0, 8843)
  (31.0, 22.0, 8843)
  (31.0, 22.0, 8843)
  (31.0, 22.0, 8843)
  (31.0, 24.0, 9056)
  (31.0, 26.0, 3350)
  (31.0, 26.0, 3350)
  (31.0, 26.0, 3350)
  (31.0, 26.0, 6706)
  (31.0, 26.0, 8172)
  (31.0, 26.0, 8172)
  (31.0, 26.0, 9371)
  (31.0, 27.0, 5496)
  (31.0, 27.0, 5496)
  (32.0, 18.0, 511)
  (32.0, 18.0, 511)
  (32.0, 18.0, 511)
  (32.0, 18.0, 511)
  (32.0, 18.0, 511)
  (32.0, 18.0, 511)
  (32.0, 18.0, 511)
  (32.0, 18.0, 511)
  (32.0, 18.0, 511)
  (32.0, 18.0, 511)
  (32.0, 18.0, 511)
  (32.0, 18.0, 511)
  (32.0, 24.0, 3661)
  (33.0, 25.0, 1199)
  (33.0, 25.0, 1199)
  (33.0, 27.0, 2286)
  (33.0, 27.0, 2286)
  (34.0, 18.0, 4285)
  (34.0, 18.0, 4285)
  (34.0, 18.0, 4285)
  (34.0, 18.0, 4285)
  (34.0, 18.0, 4285)
  (34.0, 25.0, 7866)
  (34.0, 26.0, 3608)
  (34.0, 26.0, 4126)
  (34.0, 26.0, 4126)
  (34.0, 26.0, 4542)
  (34.0, 26.0, 4542)
  (34.0, 26.0, 4582)
  (34.0, 26.0, 4582)
  (34.0, 26.0, 5338)
  (34.0, 26.0, 5927)
  (34.0, 26.0, 5927)
  (34.0, 26.0, 5927)
  (34.0, 26.0, 5927)
  (34.0, 26.0, 6862)
  (34.0, 26.0, 6862)
  (34.0, 26.0, 6862)
  (34.0, 26.0, 6862)
  (34.0, 26.0, 8243)
  (34.0, 26.0, 8709)
  (34.0, 26.0, 8868)
  (34.0, 26.0, 8868)
  (34.0, 26.0, 8868)
  (34.0, 26.0, 9315)
  (34.0, 26.0, 9315)
  (35.0, 18.0, 8839)
  (35.0, 18.0, 8839)
  (35.0, 18.0, 8839)
  (35.0, 18.0, 8839)
  (35.0, 25.0, 4663)
  (35.0, 25.0, 4663)
  (35.0, 26.0, 2394)
  (36.0, 22.0, 4771)
  (36.0, 22.0, 4771)
  (36.0, 26.0, 8847)
  (36.0, 26.0, 8847)
  (36.0, 26.0, 8847)
  (36.0, 27.0, 3349)
  (36.0, 27.0, 3907)
  (37.0, 22.0, 481)
  (37.0, 23.0, 2881)
  (37.0, 23.0, 2881)
  (37.0, 25.0, 8986)

區間: 長 [28, 37], 寬 [28, 37]
  (28.0, 33.0, 6530)
  (28.0, 33.0, 6530)
  (28.0, 33.0, 6530)
  (28.0, 33.0, 6530)
  (28.0, 35.0, 605)
  (28.0, 35.0, 605)
  (28.0, 35.0, 605)
  (28.0, 35.0, 605)
  (28.0, 35.0, 605)
  (28.0, 35.0, 605)
  (28.0, 35.0, 3838)
  (28.0, 35.0, 3838)
  (28.0, 35.0, 3838)
  (28.0, 35.0, 3838)
  (28.0, 35.0, 3838)
  (28.0, 35.0, 3838)
  (28.0, 35.0, 3838)
  (28.0, 35.0, 4023)
  (28.0, 35.0, 4023)
  (28.0, 35.0, 4023)
  (28.0, 35.0, 4023)
  (28.0, 35.0, 4023)
  (28.0, 35.0, 4023)
  (28.0, 35.0, 4023)
  (28.0, 35.0, 4023)
  (28.0, 35.0, 4023)
  (28.0, 35.0, 4023)
  (28.0, 35.0, 4263)
  (28.0, 35.0, 4263)
  (28.0, 35.0, 4263)
  (29.0, 29.0, 9023)
  (30.0, 29.0, 5929)
  (30.0, 29.0, 5929)
  (30.0, 29.0, 5929)
  (30.0, 29.0, 5929)
  (30.0, 29.0, 5929)
  (30.0, 29.0, 5929)
  (30.0, 29.0, 5929)
  (30.0, 30.0, 2290)
  (30.0, 30.0, 2290)
  (30.0, 35.0, 987)
  (30.0, 35.0, 987)
  (30.0, 35.0, 987)
  (30.0, 35.0, 987)
  (30.0, 36.0, 190)
  (30.0, 36.0, 190)
  (30.0, 36.0, 190)
  (30.0, 36.0, 190)
  (30.0, 36.0, 190)
  (30.0, 36.0, 190)
  (30.0, 36.0, 190)
  (30.0, 36.0, 190)
  (30.0, 36.0, 190)
  (30.0, 36.0, 190)
  (30.0, 36.0, 190)
  (30.0, 36.0, 190)
  (30.0, 36.0, 1194)
  (30.0, 36.0, 1194)
  (30.0, 36.0, 1194)
  (30.0, 36.0, 1194)
  (30.0, 36.0, 1194)
  (30.0, 36.0, 1194)
  (30.0, 36.0, 1194)
  (30.0, 36.0, 1194)
  (30.0, 36.0, 1968)
  (30.0, 36.0, 1968)
  (30.0, 36.0, 1968)
  (30.0, 36.0, 2781)
  (30.0, 36.0, 2781)
  (30.0, 36.0, 2781)
  (30.0, 36.0, 2781)
  (30.0, 36.0, 2781)
  (30.0, 36.0, 3181)
  (30.0, 36.0, 3181)
  (30.0, 36.0, 3181)
  (30.0, 36.0, 3181)
  (30.0, 36.0, 3181)
  (30.0, 36.0, 4123)
  (30.0, 36.0, 4123)
  (30.0, 36.0, 4123)
  (30.0, 36.0, 4395)
  (30.0, 36.0, 4395)
  (30.0, 36.0, 4395)
  (30.0, 36.0, 9540)
  (30.0, 37.0, 9602)
  (32.0, 33.0, 2452)
  (32.0, 33.0, 2452)
  (32.0, 33.0, 2452)
  (32.0, 33.0, 2452)
  (32.0, 33.0, 2452)
  (32.0, 33.0, 2452)
  (32.0, 33.0, 2452)
  (32.0, 33.0, 2452)
  (32.0, 33.0, 2452)
  (32.0, 33.0, 2452)
  (32.0, 33.0, 2452)
  (32.0, 33.0, 2452)
  (32.0, 33.0, 2452)
  (32.0, 33.0, 2452)
  (32.0, 33.0, 2452)
  (32.0, 33.0, 2452)
  (32.0, 33.0, 2452)
  (32.0, 33.0, 2452)
  (32.0, 33.0, 2452)
  (32.0, 33.0, 2452)
  (32.0, 33.0, 2452)
  (32.0, 33.0, 2683)
  (32.0, 33.0, 2683)
  (32.0, 33.0, 2683)
  (32.0, 33.0, 2683)
  (32.0, 33.0, 2683)
  (32.0, 33.0, 2683)
  (32.0, 33.0, 2683)
  (32.0, 33.0, 2683)
  (32.0, 33.0, 2683)
  (32.0, 33.0, 2683)
  (32.0, 33.0, 2683)
  (32.0, 33.0, 2683)
  (32.0, 33.0, 2683)
  (32.0, 33.0, 2683)
  (32.0, 33.0, 2683)
  (32.0, 33.0, 2683)
  (32.0, 33.0, 2683)
  (32.0, 33.0, 2683)
  (32.0, 33.0, 2683)
  (32.0, 33.0, 2683)
  (32.0, 33.0, 2683)
  (33.0, 30.0, 241)
  (33.0, 30.0, 241)
  (33.0, 30.0, 241)
  (33.0, 30.0, 241)
  (33.0, 30.0, 241)
  (33.0, 30.0, 241)
  (33.0, 30.0, 241)
  (33.0, 30.0, 241)
  (33.0, 30.0, 241)
  (33.0, 30.0, 241)
  (33.0, 30.0, 241)
  (33.0, 30.0, 241)
  (33.0, 30.0, 241)
  (33.0, 30.0, 241)
  (33.0, 30.0, 241)
  (33.0, 30.0, 241)
  (33.0, 30.0, 241)
  (33.0, 30.0, 241)
  (33.0, 30.0, 241)
  (33.0, 30.0, 241)
  (33.0, 30.0, 241)
  (33.0, 30.0, 241)
  (33.0, 30.0, 241)
  (33.0, 30.0, 241)
  (33.0, 30.0, 241)
  (33.0, 30.0, 241)
  (33.0, 30.0, 241)
  (33.0, 30.0, 241)
  (33.0, 30.0, 241)
  (33.0, 30.0, 241)
  (33.0, 30.0, 241)
  (33.0, 30.0, 241)
  (33.0, 30.0, 241)
  (33.0, 33.0, 2054)
  (33.0, 33.0, 2054)
  (33.0, 33.0, 2054)
  (33.0, 33.0, 2054)
  (33.0, 33.0, 2054)
  (33.0, 33.0, 2054)
  (33.0, 33.0, 2054)
  (33.0, 33.0, 4109)
  (33.0, 33.0, 4109)
  (33.0, 33.0, 4109)
  (33.0, 33.0, 4109)
  (33.0, 33.0, 4283)
  (33.0, 33.0, 4283)
  (33.0, 33.0, 4283)
  (33.0, 33.0, 7276)
  (33.0, 33.0, 7276)
  (33.0, 33.0, 7276)
  (33.0, 33.0, 8134)
  (33.0, 33.0, 8134)
  (33.0, 33.0, 8134)
  (33.0, 33.0, 8940)
  (33.0, 33.0, 8940)
  (33.0, 33.0, 8940)
  (33.0, 33.0, 8940)
  (33.0, 33.0, 8940)
  (35.0, 28.0, 6241)
  (35.0, 28.0, 6241)
  (35.0, 28.0, 6241)
  (35.0, 28.0, 6241)
  (35.0, 28.0, 6241)
  (35.0, 28.0, 6241)
  (35.0, 28.0, 6241)
  (35.0, 28.0, 6241)
  (35.0, 28.0, 6241)
  (35.0, 28.0, 6241)
  (35.0, 28.0, 6241)
  (35.0, 28.0, 6241)
  (35.0, 28.0, 6241)
  (35.0, 28.0, 6241)
  (35.0, 28.0, 6241)
  (35.0, 28.0, 6241)
  (35.0, 28.0, 6241)
  (35.0, 28.0, 6241)
  (35.0, 28.0, 6241)
  (35.0, 28.0, 6241)
  (35.0, 28.0, 6241)
  (35.0, 28.0, 6241)
  (35.0, 28.0, 6241)
  (35.0, 28.0, 6241)
  (35.0, 28.0, 6241)
  (35.0, 28.0, 6241)
  (35.0, 28.0, 6241)
  (35.0, 28.0, 6241)
  (35.0, 32.0, 4384)
  (36.0, 30.0, 2368)
  (36.0, 30.0, 2368)
  (36.0, 30.0, 2368)
  (36.0, 30.0, 2368)
  (36.0, 30.0, 8474)
  (36.0, 30.0, 8474)
  (37.0, 28.0, 4326)
  (37.0, 28.0, 4326)
  (37.0, 28.0, 4326)
  (37.0, 31.0, 2790)
  (37.0, 37.0, 1885)
  (37.0, 37.0, 1885)
  (37.0, 37.0, 1885)
  (37.0, 37.0, 1885)
  (37.0, 37.0, 1885)
  (37.0, 37.0, 1885)
  (37.0, 37.0, 1885)
  (37.0, 37.0, 1973)
  (37.0, 37.0, 9467)
  (37.0, 37.0, 9467)
  (37.0, 37.0, 9467)
  (37.0, 37.0, 9467)
  (37.0, 37.0, 9467)

區間: 長 [28, 37], 寬 [38, 47]
  (30.0, 38.0, 8109)
  (30.0, 38.0, 8109)
  (30.0, 38.0, 8109)
  (30.0, 38.0, 8109)
  (30.0, 38.0, 8109)
  (30.0, 38.0, 8109)
  (30.0, 39.0, 3045)
  (30.0, 39.0, 3045)
  (30.0, 39.0, 3045)
  (30.0, 39.0, 3045)
  (30.0, 39.0, 3045)

區間: 長 [38, 47], 寬 [8, 17]
  (42.0, 17.0, 5817)
  (42.0, 17.0, 5817)
  (42.0, 17.0, 5817)
  (42.0, 17.0, 5817)
  (42.0, 17.0, 5817)

區間: 長 [38, 47], 寬 [18, 27]
  (38.0, 19.0, 9355)
  (38.0, 19.0, 9355)
  (38.0, 19.0, 9355)
  (38.0, 19.0, 9355)
  (38.0, 19.0, 9355)
  (38.0, 21.0, 7088)
  (38.0, 21.0, 7088)
  (38.0, 21.0, 7088)
  (38.0, 21.0, 7088)
  (38.0, 21.0, 7088)
  (38.0, 25.0, 4379)
  (38.0, 27.0, 386)
  (38.0, 27.0, 386)
  (38.0, 27.0, 386)
  (38.0, 27.0, 510)
  (38.0, 27.0, 1217)
  (38.0, 27.0, 1217)
  (38.0, 27.0, 1217)
  (38.0, 27.0, 1217)
  (38.0, 27.0, 1217)
  (38.0, 27.0, 1217)
  (38.0, 27.0, 1217)
  (38.0, 27.0, 2302)
  (38.0, 27.0, 3364)
  (38.0, 27.0, 3364)
  (38.0, 27.0, 3364)
  (38.0, 27.0, 3364)
  (38.0, 27.0, 3364)
  (38.0, 27.0, 7858)
  (38.0, 27.0, 7927)
  (38.0, 27.0, 7927)
  (38.0, 27.0, 7927)
  (38.0, 27.0, 7927)
  (38.0, 27.0, 7927)
  (39.0, 21.0, 6406)
  (39.0, 21.0, 6406)
  (39.0, 21.0, 6406)
  (39.0, 21.0, 6406)
  (41.0, 18.0, 5937)
  (41.0, 18.0, 5937)
  (41.0, 18.0, 5937)
  (41.0, 18.0, 5937)
  (42.0, 24.0, 6585)
  (42.0, 24.0, 6585)
  (42.0, 24.0, 6585)
  (42.0, 24.0, 6585)
  (42.0, 24.0, 6585)
  (43.0, 18.0, 5956)
  (44.0, 24.0, 4027)
  (44.0, 24.0, 4027)
  (45.0, 21.0, 7102)
  (45.0, 25.0, 7378)
  (46.0, 22.0, 4042)
  (46.0, 22.0, 4042)
  (46.0, 22.0, 4042)
  (46.0, 22.0, 4042)
  (46.0, 22.0, 4042)
  (46.0, 22.0, 6535)
  (46.0, 22.0, 6535)
  (46.0, 22.0, 6535)
  (46.0, 22.0, 6535)
  (46.0, 22.0, 6535)
  (46.0, 22.0, 6535)
  (46.0, 22.0, 6535)
  (46.0, 22.0, 6535)
  (46.0, 22.0, 6535)
  (47.0, 24.0, 6460)
  (47.0, 24.0, 6460)

區間: 長 [38, 47], 寬 [28, 37]
  (38.0, 29.0, 463)
  (38.0, 30.0, 9388)
  (38.0, 30.0, 9388)
  (38.0, 34.0, 5673)
  (38.0, 34.0, 5673)
  (38.0, 34.0, 5673)
  (39.0, 29.0, 851)
  (39.0, 29.0, 851)
  (39.0, 29.0, 851)
  (39.0, 29.0, 851)
  (40.0, 35.0, 4579)
  (41.0, 32.0, 8965)
  (41.0, 32.0, 8965)
  (41.0, 32.0, 8965)
  (41.0, 32.0, 8965)
  (41.0, 32.0, 8965)
  (41.0, 32.0, 8965)
  (41.0, 32.0, 8965)
  (41.0, 32.0, 8965)
  (41.0, 32.0, 8965)
  (41.0, 32.0, 8965)
  (41.0, 32.0, 8965)
  (41.0, 32.0, 8965)
  (41.0, 32.0, 8965)
  (41.0, 32.0, 8965)
  (41.0, 32.0, 8965)
  (41.0, 32.0, 8965)
  (41.0, 32.0, 8965)
  (41.0, 32.0, 8965)
  (41.0, 32.0, 8965)
  (41.0, 32.0, 8965)
  (41.0, 32.0, 8965)
  (41.0, 32.0, 8965)
  (41.0, 32.0, 8965)
  (41.0, 32.0, 8965)
  (41.0, 32.0, 8965)
  (41.0, 32.0, 8965)
  (41.0, 32.0, 8965)
  (42.0, 30.0, 6508)
  (42.0, 30.0, 6508)
  (42.0, 30.0, 6508)
  (42.0, 30.0, 6508)
  (42.0, 30.0, 6508)
  (42.0, 30.0, 6508)
  (42.0, 30.0, 6508)
  (42.0, 30.0, 6508)
  (42.0, 30.0, 6508)
  (42.0, 30.0, 6508)
  (42.0, 30.0, 6508)
  (42.0, 30.0, 6508)
  (42.0, 30.0, 6508)
  (42.0, 30.0, 6508)
  (42.0, 30.0, 6508)
  (42.0, 30.0, 6508)
  (42.0, 30.0, 6508)
  (42.0, 30.0, 6508)
  (42.0, 30.0, 6508)
  (42.0, 30.0, 6508)
  (42.0, 30.0, 6508)
  (42.0, 30.0, 6508)
  (42.0, 30.0, 6508)
  (42.0, 30.0, 6508)
  (42.0, 30.0, 6508)
  (42.0, 30.0, 6508)
  (42.0, 30.0, 6508)
  (42.0, 30.0, 6508)
  (42.0, 30.0, 6508)
  (42.0, 33.0, 5100)
  (42.0, 33.0, 5100)
  (42.0, 33.0, 5100)
  (43.0, 36.0, 3714)
  (44.0, 34.0, 5861)
  (44.0, 34.0, 5861)
  (44.0, 34.0, 5861)
  (44.0, 35.0, 7355)
  (44.0, 35.0, 7355)
  (44.0, 35.0, 7355)
  (44.0, 35.0, 7355)
  (44.0, 35.0, 7355)
  (44.0, 35.0, 8824)
  (44.0, 35.0, 8824)
  (44.0, 35.0, 8824)
  (44.0, 35.0, 8824)
  (44.0, 35.0, 8824)
  (45.0, 33.0, 9631)
  (45.0, 33.0, 9631)
  (45.0, 33.0, 9631)
  (46.0, 32.0, 2215)
  (46.0, 32.0, 2215)
  (46.0, 32.0, 2215)
  (46.0, 32.0, 2215)
  (46.0, 32.0, 2215)
  (47.0, 37.0, 9669)
  (47.0, 37.0, 9669)
  (47.0, 37.0, 9669)
  (47.0, 37.0, 9669)

區間: 長 [38, 47], 寬 [38, 47]
  (40.0, 42.0, 8144)
  (40.0, 42.0, 8144)
  (40.0, 42.0, 8144)
  (40.0, 42.0, 8144)
  (40.0, 42.0, 8144)
  (40.0, 42.0, 8144)
  (40.0, 42.0, 8144)
  (43.0, 41.0, 1525)
  (43.0, 41.0, 1525)
  (43.0, 41.0, 1525)
  (43.0, 41.0, 1525)
  (43.0, 41.0, 1525)

區間: 長 [48, 57], 寬 [8, 17]
  (50.0, 14.0, 950)

區間: 長 [48, 57], 寬 [18, 27]
  (49.0, 26.0, 5313)
  (49.0, 26.0, 5313)
  (53.0, 18.0, 7509)
  (55.0, 26.0, 7444)
  (55.0, 26.0, 7444)
  (55.0, 26.0, 7444)
  (55.0, 26.0, 7444)
  (55.0, 26.0, 7444)
  (55.0, 26.0, 7444)
  (55.0, 26.0, 7444)
  (55.0, 26.0, 7444)
  (56.0, 23.0, 9045)
  (56.0, 23.0, 9045)

區間: 長 [48, 57], 寬 [38, 47]
  (48.0, 39.0, 5530)
  (48.0, 39.0, 5530)
  (50.0, 40.0, 3623)
  (56.0, 46.0, 6920)
  (56.0, 46.0, 6920)
  (56.0, 46.0, 6920)
  (56.0, 46.0, 6920)
  (56.0, 46.0, 6920)
  (56.0, 46.0, 6920)

區間: 長 [58, 67], 寬 [18, 27]
  (64.0, 22.0, 5915)

區間: 長 [58, 67], 寬 [28, 37]
  (62.0, 34.0, 9324)
  (62.0, 34.0, 9324)
  (62.0, 34.0, 9324)

區間: 長 [58, 67], 寬 [38, 47]
  (58.0, 41.0, 4046)
  (58.0, 41.0, 4046)
  (58.0, 41.0, 4046)
  (60.0, 42.0, 257)
  (60.0, 42.0, 257)
  (60.0, 47.0, 5280)
  (60.0, 47.0, 5280)
  (61.0, 46.0, 4666)
  (63.0, 41.0, 581)
  (63.0, 41.0, 581)
  (63.0, 43.0, 3633)
  (63.0, 43.0, 3633)
  (63.0, 43.0, 3633)
  (63.0, 43.0, 3633)
  (63.0, 43.0, 3633)
  (63.0, 43.0, 3633)
  (64.0, 43.0, 295)

區間: 長 [58, 67], 寬 [48, 57]
  (64.0, 51.0, 4667)
  (64.0, 51.0, 4667)
  (64.0, 51.0, 4667)
  (64.0, 51.0, 4667)
  (64.0, 51.0, 4667)
  (65.0, 54.0, 3937)
  (65.0, 54.0, 3937)
  (65.0, 54.0, 3937)
  (66.0, 55.0, 6987)
  (66.0, 55.0, 6987)
  (66.0, 55.0, 6987)
  (66.0, 55.0, 6987)
  (66.0, 55.0, 6987)

區間: 長 [58, 67], 寬 [58, 67]
  (62.0, 66.0, 235)
  (62.0, 66.0, 235)
  (62.0, 66.0, 235)
  (62.0, 66.0, 235)
  (62.0, 66.0, 235)
  (63.0, 61.0, 3042)
  (63.0, 61.0, 3042)

區間: 長 [68, 77], 寬 [38, 47]
  (72.0, 42.0, 5071)
  (73.0, 39.0, 7580)

區間: 長 [138, 147], 寬 [28, 37]
  (138.0, 36.0, 5480)
  (138.0, 36.0, 5480)
  (138.0, 36.0, 5480)
  (138.0, 36.0, 5480)
  (138.0, 36.0, 5480)
  (138.0, 36.0, 5480)
  (138.0, 36.0, 5480)

區間: 長 [138, 147], 寬 [148, 157]
  (147.0, 148.0, 366)
  (147.0, 148.0, 366)
  (147.0, 148.0, 366)
  (147.0, 148.0, 366)
  (147.0, 148.0, 366)
  (147.0, 148.0, 366)
  (147.0, 148.0, 366)
  (147.0, 148.0, 366)

區間: 長 [188, 197], 寬 [118, 127]
  (192.0, 118.0, 8753)
  (192.0, 118.0, 8753)
  (192.0, 118.0, 8753)
  (192.0, 118.0, 8753)

區間: 長 [188, 197], 寬 [138, 147]
  (191.0, 138.0, 2469)
  (191.0, 138.0, 2469)

區間: 長 [208, 217], 寬 [168, 177]
  (213.0, 170.0, 5611)
  (213.0, 170.0, 5611)
  (213.0, 170.0, 5611)

